0.5
20
0.12
0.55
0.1
1
0.0
0.1
0.0
1
1
1
1
1
1
1
1
1
1
1
1
1
1
1
1
1
1
1
1
1
1
1
1
1
1
1
1
1
1
1
1
1
0.6
0.0
0.0
1
0.8
0.04
0.04
1
1
1
1
1
1
1
1
1
1
1
1
1
1
1
1
1
1
1
1
1
1
1
1
1
1
1
1
1
1
1
1
1
6.9305
-1.4366
0.17327
-1.12616
2.674
562
0
1.43237
-3.69321
-3.13083
1
4.25457
0.03046
0.70406
2
0.85428
-2.58231
-4.09203
3
4.28432
0.50893
4.08725
4
-3.80755
-4.10995
-1.02035
5
2.9757
2.02628
1.21678
6
4.0743
0.65302
1.9278
7
-2.3521
-1.11588
-4.62739
8
4.31621
-1.59395
-1.47418
9
-2.15372
3.86255
2.58704
10
1.43237
-3.69321
-3.13083
11
4.25457
0.03046
0.70406
12
0.85428
-2.58231
-4.09203
13
4.28432
0.50893
4.08725
14
-3.80755
-4.10995
-1.02035
15
2.9757
2.02628
1.21678
16
4.0743
0.65302
1.9278
17
-2.3521
-1.11588
-4.62739
18
4.31621
-1.59395
-1.47418
19
-2.15372
3.86255
2.58704
0
0.44642
-3.83022
-3.19825
1
5.05822
-0.21029
1.24902
2
0.82037
-3.19001
-4.88329
3
3.66581
0.40112
3.31302
4
-3.72884
-3.16314
-0.70475
5
2.3705
2.67844
0.7639
6
4.7431
1.08873
1.32973
7
-3.11589
-1.76671
-4.65314
8
3.88363
-1.24116
-0.64254
9
-2.21786
3.11734
3.25203
10
2.41845
-3.52208
-3.108
11
4.65479
-0.31541
-0.14747
12
1.54259
-1.94353
-3.74946
13
3.55547
0.0831
4.62623
14
-2.90582
-3.71961
-1.1918
15
3.36315
1.4494
1.93179
16
3.73234
0.93478
1.02802
17
-3.20018
-0.59989
-4.73402
18
4.48548
-0.61472
-1.5943
19
-1.36361
3.29505
2.36943
0
-0.52449
-4.01758
-3.34326
1
5.96627
-0.28285
1.65225
2
0.97492
-3.89392
-4.18848
3
4.11248
-0.14684
2.60827
4
-2.83183
-3.23559
-0.26154
5
2.21326
1.69312
0.6638
6
4.75781
1.12586
0.32756
7
-2.42852
-1.87634
-5.36698
8
3.65315
-2.07878
-0.14056
9
-2.10855
3.0063
4.24366
10
3.17771
-2.93733
-3.39645
11
5.20011
0.02724
-0.91664
12
2.3594
-2.07358
-3.19435
13
2.9628
0.79949
4.25568
14
-2.71777
-2.82076
-1.58389
15
2.39937
1.31875
2.16528
16
2.73822
0.79893
1.00799
17
-3.03506
0.36643
-4.52452
18
4.6549
-0.87342
-2.54129
19
-0.79178
2.48156
2.42782
0
-0.84564
-4.95478
-3.50105
1
5.29552
-0.72254
2.2546
2
0.67888
-4.82958
-4.01473
3
4.89117
0.09184
3.18637
4
-2.48948
-4.12658
0.03353
5
2.57645
1.45279
-0.2356
6
4.47154
2.08593
0.27001
7
-1.83013
-2.33267
-4.70336
8
3.05147
-1.86166
-0.91081
9
-1.28733
3.37436
4.68606
10
3.66838
-2.52863
-4.16104
11
5.63247
0.81484
-0.47242
12
2.8631
-1.21838
-3.05677
13
3.41481
1.25553
5.02699
14
-2.43247
-3.32911
-2.3927
15
1.60569
1.90563
2.32432
16
2.61127
-0.18287
0.855
17
-2.93637
1.28419
-4.14398
18
4.81093
-1.24977
-3.45676
19
-0.76588
2.55616
1.42954
0
-0.54103
-5.46862
-2.70357
1
4.67759
-1.2098
1.63524
2
1.62219
-4.86586
-3.69518
3
4.98108
1.07689
3.31539
4
-1.71758
-4.55343
0.49717
5
2.88049
1.02038
-1.08885
6
4.8682
2.80791
0.84311
7
-1.96048
-3.13347
-4.11691
8
2.60934
-1.12955
-1.42589
9
-0.46005
3.62679
5.18209
10
2.80775
-2.94834
-4.46156
11
5.67844
1.0349
-1.4443
12
3.68566
-1.52253
-3.54288
13
3.51314
1.93323
4.30272
14
-2.91038
-3.75989
-3.15991
15
1.92374
2.601
1.68226
16
1.62786
-0.18486
1.04486
17
-3.45778
1.8961
-4.74442
18
4.9888
-0.26315
-3.45177
19
-1.25198
3.41837
1.318
0
-1.1589
-4.72435
-2.44006
1
4.60746
-2.10452
1.20177
2
2.20347
-4.74075
-2.8889
3
4.50225
1.63383
2.63753
4
-1.3096
-5.39475
0.13747
5
2.46321
1.73338
-1.65289
6
4.09962
3.1602
1.38021
7
-2.20381
-2.24581
-3.73464
8
4.5688
-1.75029
0.10693
9
-2.76647
4.64248
2.43881
10
2.02314
-2.65102
-5.00188
11
4.98758
1.30585
-2.11251
12
3.23889
-0.96982
-4.24267
13
2.53574
1.9079
4.07691
14
-3.89203
-3.92775
-3.10144
15
1.18488
3.27581
1.67714
16
1.43615
-1.16637
0.97062
17
-3.28773
2.20257
-3.81017
18
4.51345
0.57317
-3.72863
19
-0.66023
3.43547
0.51551
0
-0.61308
-4.53094
-1.62365
1
5.16388
-2.87665
1.49587
2
2.29517
-5.26351
-2.04214
3
5.27411
1.78133
2.02339
4
-0.90053
-6.28446
0.34721
5
1.48336
1.89014
-1.54831
6
5.43519
1.8734
0.44464
7
-1.73124
-0.81441
-5.34683
8
5.53595
-1.92483
0.30874
9
-1.55712
4.23504
4.24701
10
1.80815
-3.61705
-4.85259
11
4.12533
0.96795
-1.73639
12
3.44119
-0.09358
-4.67944
13
2.27419
1.76408
5.0296
14
-3.80552
-3.71064
-2.12579
15
1.15287
3.20595
2.6706
16
3.12532
0.38135
0.18223
17
-2.44532
1.57938
-4.95915
18
4.58319
1.54196
-3.49145
19
-0.36457
1.60495
2.65065
0
-0.07176
-3.93725
-2.22457
1
4.58089
-3.08202
0.70772
2
2.85689
-4.8941
-1.30469
3
5.11527
2.46425
2.73277
4
-0.19457
-5.57128
0.3171
5
2.12738
2.32389
-0.91558
6
3.28286
0.04258
1.87722
7
-3.78216
-1.62066
-3.92189
8
3.75972
-1.38493
0.57339
9
-1.10655
2.39733
4.82918
10
2.36007
-3.89557
-4.06996
11
4.06128
1.81219
-2.26728
12
3.1369
0.64239
-5.28408
13
1.59784
2.23171
4.45663
14
-4.51802
-3.01932
-2.25156
15
1.09977
2.35095
3.18412
16
1.03435
-0.4339
1.81196
17
-4.00704
0.57512
-4.3956
18
5.23989
0.34104
-2.69435
19
-0.40557
3.78639
1.69285
0
0.0481
-3.18047
-1.58174
1
3.98089
-3.88408
0.6829
2
0.48242
-2.25948
-5.00807
3
5.87198
0.98026
1.94087
4
-1.75403
-3.47973
-0.1526
5
2.71659
2.61983
-2.04048
6
3.89353
1.83048
-0.50356
7
-1.2104
-0.04516
-4.97956
8
3.08528
-2.21608
-1.84738
9
-1.23026
4.28394
3.30552
10
1.53292
-2.88139
-2.55691
11
3.75048
2.72927
-2.52367
12
0.09861
-1.93076
-4.05159
13
3.87706
-0.86329
4.65763
14
-3.25147
-2.82843
-3.00744
15
0.85128
2.36734
1.4327
16
1.21973
-0.8436
2.7079
17
-4.38701
0.87369
-3.5208
18
5.01359
-2.25885
-1.75506
19
0.21365
1.08759
3.27588
0
-0.86549
-5.30043
-1.03515
1
4.27456
-3.25725
-0.23041
2
1.44626
-4.50765
-2.28277
3
4.48125
2.85075
3.3969
4
-2.94812
-2.83337
0.64619
5
1.13789
2.82187
-1.45072
6
4.30787
2.14589
1.33644
7
-1.70577
-3.68599
-3.32009
10
2.09288
-3.61407
-2.16348
11
5.90696
1.744
-0.71824
12
1.18093
-1.06876
-4.07206
13
3.87222
-0.80625
3.6604
14
-2.02567
-4.14741
-1.40083
15
2.99821
1.70561
2.86175
16
2.33077
-1.02938
0.39883
17
-4.00654
1.76549
-3.27576
18
3.82509
1.03161
-3.08141
19
-0.70865
0.70619
3.29209
0
-0.14257
-3.66725
-0.73045
1
4.65324
-2.21637
2.19077
2
1.21401
-1.58068
-5.04187
3
4.9878
-0.87612
3.40053
4
-1.88348
-5.44951
-0.67968
5
2.9239
3.42313
-1.47944
6
3.33725
3.62707
1.83318
7
-4.46785
-2.16329
-3.43828
10
1.77309
-2.41851
-1.70009
11
3.78277
0.25263
-1.13016
12
2.22243
0.96763
-5.05373
13
1.38498
1.45448
5.36306
14
-2.35324
-4.78157
-2.09656
15
1.68685
1.37714
1.46337
16
2.21912
-0.81083
2.68264
17
-2.19762
0.50172
-5.0478
18
5.02062
-1.19913
-0.8781
19
0.46451
0.17647
2.94793
0
-0.72141
-4.42422
-0.43551
1
4.23182
-3.58406
-1.17446
2
0.59651
-4.95284
-1.98876
3
3.91164
3.23542
2.67574
4
0.75385
-5.32941
0.11909
5
1.30767
2.49787
-0.36296
6
5.31474
2.73008
-0.06395
7
-1.41492
-2.4835
-3.16713
10
2.33145
-3.62137
-1.19492
11
3.59288
2.24612
-1.49399
12
3.75995
-1.46706
-4.93471
13
2.97693
-0.45174
3.93109
14
-4.066
-3.93216
-0.07345
15
0.52737
3.09046
0.82582
16
2.50344
-0.88226
1.56657
17
-1.4507
1.57597
-4.86715
18
3.09423
1.39403
-3.65933
19
0.03665
0.53183
2.11724
0
0.4562
-3.21074
-0.07375
1
4.22591
-1.76221
2.96782
2
1.92027
-4.9149
-0.94609
3
3.69561
3.95321
3.34268
4
-3.0643
-4.61273
0.69295
5
3.15576
3.10911
-0.55766
6
5.46723
2.79551
1.64256
7
-0.3566
0.44574
-4.78543
10
2.08679
-1.92356
-5.67984
11
5.73305
0.60459
0.50001
12
0.10737
-0.93204
-3.99523
13
0.71422
1.1614
4.68017
14
-4.16129
-2.45592
-1.51004
15
2.36857
0.35484
2.43056
16
2.46106
-0.39513
-0.36757
17
-0.6558
1.92733
-5.35788
18
5.88468
-0.76174
-0.63371
19
-0.39554
-0.3398
2.33713
0
-0.44013
-5.98686
-1.85728
1
4.18454
-2.93757
2.69755
2
-0.5021
-2.42304
-4.98181
3
3.48895
4.54168
2.55896
4
1.4645
-5.8077
0.63477
5
2.68107
3.085
-2.92308
6
4.86127
3.75816
1.64147
7
-1.1262
-1.57281
-5.59318
10
4.26182
-2.54101
-3.35211
11
4.43119
2.784
-1.38673
12
1.43398
-0.44209
-3.33815
13
1.78228
2.42681
5.59754
14
-4.92817
-3.01911
-1.19458
15
1.91967
3.95712
1.72234
16
1.8183
0.40135
0.26047
17
-5.00009
1.70508
-3.1711
18
5.5922
-0.12683
-1.8859
19
-0.00584
-0.614
3.33955
0
1.24135
-2.7615
0.35533
1
4.88254
-2.47937
3.2428
2
1.11975
-5.51264
-0.87041
3
2.95816
3.48819
2.84909
4
1.10172
-4.38867
0.08562
5
0.66155
3.58354
-1.88202
6
5.43834
2.73451
-1.05953
7
-1.36516
-0.31811
-6.12958
10
2.10096
-0.93654
-5.50594
11
3.7086
3.70589
-2.71763
12
1.37453
0.54129
-3.15909
13
1.95324
1.58633
3.32658
14
-4.26913
-4.26127
0.84523
15
0.67193
1.54408
1.97778
16
0.51806
-1.521
2.5019
17
-4.50019
1.85131
-2.31584
18
3.70116
-0.81518
-2.24626
19
-0.12628
-0.15291
4.21741
0
0.55676
-6.01652
-1.94408
1
3.76806
-3.70642
1.64156
2
0.36171
-1.05479
-5.0994
3
2.42849
2.76707
3.29391
4
2.08028
-5.04189
0.43566
5
1.7477
3.41184
-2.79798
6
3.99258
0.78292
-0.21032
7
-4.23731
-1.74715
-2.55662
10
1.25471
-1.92671
-2.42132
11
3.17571
4.45693
-3.11439
12
0.62868
0.5748
-3.82911
13
3.06072
-1.19841
5.12201
14
-4.99197
-2.11224
-0.77733
15
0.3158
2.78407
2.32573
16
0.84606
-1.97775
1.67916
17
-1.30516
1.84814
-3.91535
18
3.48826
-0.17248
-2.98575
19
-0.89579
1.26225
1.8769
0
0.41444
-2.24038
0.56211
1
3.64013
-3.86573
2.6226
2
1.16133
-4.34688
-1.25418
3
3.56484
2.90419
3.79311
4
-2.81413
-5.21356
-0.41285
5
2.04117
2.79902
-3.63102
6
4.09968
3.18667
0.32677
7
0.3462
0.19567
-5.45388
10
2.94345
-3.50872
-0.40928
11
4.76663
2.51279
-2.36826
12
-0.00852
-3.09456
-4.10272
13
1.1763
3.14001
4.45818
14
-5.82592
-1.6351
-1.0488
15
1.75365
0.41742
3.21622
16
-0.29962
-1.6018
3.07314
17
-5.14294
1.08883
-2.20769
18
5.56231
-1.62723
-2.30421
19
-1.19532
0.25148
2.54091
0
1.02044
-2.97
-0.86786
1
2.98957
-3.23031
2.04859
2
0.15395
-1.08942
-6.0794
3
2.69119
4.85982
3.06549
4
-1.69095
-3.03821
0.74626
5
1.41264
4.33624
-2.59538
6
4.11196
4.06142
0.80453
7
-1.22041
-3.34078
-4.75119
10
2.39582
-2.7214
-0.76016
11
2.86589
-0.07205
-1.35935
12
0.13956
-1.95898
-3.0522
13
2.33788
-0.21318
4.66117
14
-4.94656
-3.52512
-0.30506
15
2.68741
4.10543
1.10206
16
2.95581
-1.4771
2.81192
17
-2.69649
2.90088
-4.21816
18
4.21047
1.93492
-4.32859
19
-0.74337
3.08544
3.22801
0
1.37002
-3.14191
1.26771
1
3.05447
-2.29524
1.7076
2
1.09856
-2.51196
-5.7502
3
1.91415
4.42922
3.5313
4
2.04617
-5.11724
1.4361
5
1.61403
3.7002
-1.5365
6
3.67892
4.95933
0.91132
7
-3.73532
-1.03325
-3.03984
10
3.13076
-4.32426
0.13847
11
2.43785
4.9783
-2.67847
12
4.23541
-0.69727
-4.51558
13
0.60645
2.28292
4.55535
14
-5.86882
-2.21213
-0.23341
15
2.92546
2.43002
2.17247
16
2.71242
-2.19318
3.46522
17
-4.65234
2.80349
-2.56639
18
4.13447
2.7065
-3.69443
19
0.02399
2.5061
3.51128
0
-0.43373
-2.58021
0.96141
1
2.49834
-3.69129
2.7873
2
3.76813
-5.06008
-0.92734
3
2.16732
4.94863
2.2222
4
2.09745
-4.14144
0.87116
5
1.31677
2.63847
-4.30299
6
3.95983
4.9608
-0.04519
7
0.94637
0.13456
-6.24748
10
3.85262
-3.64847
-3.20966
11
3.18995
3.8476
-3.90647
12
2.01223
-0.54178
-2.52937
13
1.58959
0.49827
5.55677
14
-5.13734
-1.86091
-1.73428
15
2.43738
4.43982
0.19657
16
1.6101
-2.26482
2.25853
17
-4.11418
2.0596
-1.41373
18
2.67642
1.85112
-2.87174
19
-1.08223
-0.07294
4.48618
0
2.11145
-2.28223
0.21638
1
2.76857
-4.16351
1.75717
2
0.4031
-5.12369
-3.10066
3
0.9702
4.74386
3.40503
4
2.99977
-5.42898
0.3844
5
2.01918
0.56277
-1.30259
6
3.40363
4.13757
-0.14514
7
0.15263
1.30307
-4.80633
10
1.30977
-1.09675
-6.094
11
2.73032
4.11539
-2.26961
12
1.56183
0.32785
-4.11749
13
0.80041
0.2355
6.11025
14
-2.40813
-4.57205
-3.4626
15
0.10431
3.66034
2.75774
16
0.28243
-2.48976
2.42881
17
-3.92268
2.8698
-3.24606
18
2.62388
1.94508
-4.34852
19
-1.47628
-0.19925
3.57518
0
-1.43849
-5.9383
-1.76867
1
3.83377
-3.89213
-2.03415
2
3.10526
-4.32902
-2.74629
3
2.94556
3.70826
3.96329
4
-2.63026
-3.6365
1.1471
5
1.03804
3.65255
-0.71796
10
1.82938
-3.0535
-3.78961
11
4.94093
1.6518
-0.94711
12
1.80728
0.09493
-5.31133
13
2.1149
3.21156
4.79264
14
-4.03267
-3.28403
0.6882
15
1.44344
4.33866
0.13367
16
-0.17753
-2.95267
3.19059
17
-1.21291
2.52843
-4.67279
0
0.7594
-3.89234
1.00281
1
4.68241
-3.53896
2.07091
2
0.14697
-4.00428
-4.74427
3
4.05169
1.6167
3.52878
4
-2.45617
-2.86824
1.76754
5
0.29122
4.23008
-1.0512
10
4.59946
-3.39252
-2.59754
11
4.56307
3.68351
-0.97319
12
2.26708
-1.11998
-3.85444
13
2.4765
0.93837
5.68183
14
-3.36326
-4.65382
-2.65677
15
0.35612
3.03773
-0.16142
16
1.85386
-1.72861
3.69314
17
0.18441
2.42418
-5.12639
0
-1.2985
-3.76837
-2.1814
1
3.82702
-2.67206
-1.15446
2
1.51748
-5.56789
-2.58789
3
1.88411
5.13834
1.27936
4
-1.26361
-3.99969
1.19302
5
-0.38095
4.0682
-1.769
10
1.05328
-1.87369
-1.27683
11
2.80026
5.40219
-1.84694
12
2.22774
-0.43939
-4.57726
13
2.29317
-1.31415
5.75121
14
-4.28423
-3.56991
1.61613
15
1.61605
5.12901
-0.46057
16
-0.83719
-3.19158
3.90628
17
-3.73404
0.12823
-3.41761
0
-0.05024
-3.19986
1.64373
1
1.70665
-3.285
3.24633
2
0.49688
-6.28901
-0.82202
3
0.71849
4.75069
2.4372
4
-2.81497
-4.82681
1.64037
5
1.65838
2.48087
-5.23079
10
2.8984
-2.12395
-5.01877
11
3.49876
4.76064
-2.16365
12
-0.15463
-2.76682
-2.54009
13
0.43715
1.67293
5.58456
14
-5.13065
-0.9829
-0.75555
15
1.84192
5.33824
-1.41193
16
-1.12655
-4.11527
4.15607
17
-1.95281
3.54036
-4.01763
0
-0.68484
-3.7308
2.21053
1
3.71883
-1.42612
1.81018
2
-0.2174
-3.28253
-5.40219
3
-0.20483
4.99332
2.74023
4
-2.59406
-4.01281
2.17111
5
2.51943
3.86177
-0.6759
10
1.75862
-3.32199
-0.2804
11
5.45762
-0.66298
0.34264
12
1.53044
1.51934
-2.99734
13
1.06806
-0.70578
5.92239
14
-6.01953
-0.69208
-0.41161
15
0.91519
5.81159
-0.24558
16
0.58663
-2.55139
3.6982
17
-4.623
2.96124
-1.57679
0
0.71982
-4.71397
1.57816
1
5.49612
-1.68941
2.10654
2
1.98
-5.95602
-0.63019
3
-0.10776
4.9877
1.74119
10
3.20347
-3.05579
0.44735
11
1.53187
5.39693
-2.72762
12
1.26896
1.27017
-5.10768
13
1.45229
-1.797
5.49312
14
-4.98264
-3.11644
0.93661
15
2.55143
5.40028
0.44917
16
1.26431
-2.87976
4.35161
17
-2.8934
-0.27072
-5.62322
0
-0.40361
-1.81076
1.59822
1
0.77284
-3.56627
3.47368
2
-0.90189
-1.96566
-4.19042
3
0.15072
4.95642
3.94073
10
1.71105
-1.48284
-0.62894
11
0.54462
5.23871
-2.74332
12
1.28177
1.55826
-3.964
13
1.82708
1.04094
4.5048
14
-3.23255
-2.88889
-4.00254
15
0.32381
4.0721
0.77373
16
1.87551
-3.59198
4.70674
17
-1.01862
2.67352
-3.42548
0
-1.42382
-4.30462
2.56182
1
0.82605
-3.75927
2.49006
2
-0.5456
-1.19097
-4.71212
3
-0.42633
5.86095
2.29094
10
3.90323
-2.80536
-2.19356
11
3.1258
2.86343
-4.07737
12
4.01222
-1.7954
-2.63816
13
2.29302
-1.74185
4.77501
14
-3.88079
-2.6821
1.84528
15
1.26491
6.00536
0.66992
16
3.48974
-2.82214
3.50014
17
-2.76586
3.27726
-3.29662
0
-1.84477
-5.19818
2.39334
1
1.78942
-3.69833
2.08426
2
0.33916
-4.61824
-0.75097
3
0.9323
5.27996
1.54793
10
2.44471
-2.90792
1.0878
11
0.14843
5.92213
-2.12632
12
1.26974
1.79676
-5.95479
13
0.41266
3.01379
5.20462
14
-4.23883
-1.74729
1.88794
15
-0.19065
4.80954
0.3436
16
-0.2191
-4.38808
4.47448
17
-5.0546
2.14718
-1.0898
0
-1.72664
-5.73523
1.55992
1
5.99289
-1.69955
1.23995
10
3.95814
-4.88585
0.19356
11
2.77102
0.30038
-2.28547
12
3.97558
0.8633
-4.78642
13
2.74277
-2.62518
4.8773
14
-5.05634
-2.32348
0.33028
15
1.19424
0.92488
2.55873
0
-0.23812
-3.64488
0.49999
1
4.13606
-4.68626
1.25727
10
2.99877
-3.21255
-2.32283
11
2.12338
4.46201
-3.47365
14
-3.40723
-1.59719
1.35478
15
0.98552
0.41544
3.85394
0
-1.12074
-1.68263
2.28535
1
0.11605
-4.45245
2.59452
10
1.45515
-1.12859
-1.80288
11
4.05355
3.98446
-1.782
14
-5.01356
-2.58708
1.78879
15
-1.07018
5.28197
0.42199
0
0.30039
-5.62034
1.58799
1
4.44449
-1.7099
3.9393
10
1.00714
-3.55098
-2.02808
11
0.88432
5.11769
-1.80671
14
-5.07185
-0.64515
0.1869
15
-0.16504
3.19079
-1.00386
0
-2.27035
-5.61157
0.7343
1
3.96478
-2.71962
1.66336
10
0.90168
-2.08128
-0.31309
11
0.01849
5.64798
-1.17282
14
-3.47545
-5.00304
-1.72263
15
-1.77232
5.19966
-0.28984
0
-1.51873
-4.59475
-4.14772
1
1.00725
-4.84409
2.82392
10
2.02678
-2.02555
1.28902
11
1.26858
4.79253
-3.86707
14
-3.78098
-1.50169
0.43134
15
-0.00733
6.12107
-0.02962
0
-1.84288
-1.88729
1.62597
1
2.07356
-4.29272
3.46365
10
2.91096
-0.37899
-5.66463
11
1.80417
3.7815
-4.12796
0
-0.05344
-5.85966
2.48824
1
3.06007
-4.11543
3.48665
10
4.53641
-4.33674
-0.40444
11
0.80863
3.7309
-4.0714
10
5.15367
-3.30094
-1.76559
11
2.57868
3.38179
-4.73582
