0.5
10
1
1
1
1
1
1
1
1
1
1
1
1
1
1
1
1
1
1
1
1
1
1
1
1
1
1
1
1
1
1
1
1
1
1
1
1
1
1
1
1
1
1
1
1
1
1
1
1
1
1
1
1
1
1
1
1
1
1
1
1
1
1
1
1
1
1
1
1
1
1
1
1
1
1
1
1
1
1
1
1
7.18806
0.36604
-0.77441
1.02419
3.641
562
0
2.95009
0.47973
-4.95498
1
1.11775
-4.92422
3.72801
2
-3.95117
2.28128
-2.15341
3
-3.51893
0.57523
-0.91533
4
1.90451
3.26759
-1.46905
5
-4.58736
0.557
4.29013
6
2.28904
1.20744
-4.27861
7
3.86133
-3.65132
3.04541
8
-4.76439
2.69014
1.32995
9
2.98367
1.29072
4.27613
10
2.95009
0.47973
-4.95498
11
1.11775
-4.92422
3.72801
12
-3.95117
2.28128
-2.15341
13
-3.51893
0.57523
-0.91533
14
1.90451
3.26759
-1.46905
15
-4.58736
0.557
4.29013
16
2.28904
1.20744
-4.27861
17
3.86133
-3.65132
3.04541
18
-4.76439
2.69014
1.32995
19
2.98367
1.29072
4.27613
0
3.15289
0.58406
-3.97867
1
0.11985
-5.03239
3.72293
2
-3.26253
2.89746
-2.53584
3
-4.42483
0.94755
-1.13057
4
2.26602
3.98462
-2.06684
5
-5.13467
0.9504
3.5546
6
1.39167
1.07128
-3.86075
7
3.00442
-3.90018
3.49139
8
-4.21157
3.51653
1.19567
9
2.2447
0.73942
4.66498
10
3.58887
-0.22384
-5.26979
11
1.00413
-4.30391
4.50865
12
-4.03166
1.47319
-2.74334
13
-3.50474
1.00093
-0.00946
14
2.06663
2.89796
-0.55459
15
-4.08283
1.35734
4.61436
16
1.83056
2.09351
-4.1801
17
3.62177
-3.4054
2.10769
18
-5.61834
2.29793
1.68341
19
3.79315
1.02241
4.80027
0
3.07225
-0.04358
-3.20374
1
-0.68075
-4.56081
3.3563
2
-2.8174
2.52865
-1.72107
3
-5.12624
1.04838
-0.42607
4
2.60727
3.2219
-2.61722
5
-4.15759
0.84006
3.37943
6
1.65802
0.35744
-3.20788
7
2.47387
-4.74587
3.42149
8
-4.385
4.50389
1.17783
9
1.77671
0.29332
5.4271
10
2.73625
-0.58945
-4.90256
11
0.07064
-4.52048
4.79289
12
-3.55582
1.3955
-1.86999
13
-3.54779
1.63257
0.76144
14
2.91234
3.42704
-0.48506
15
-3.09179
1.46205
4.60965
16
2.49994
1.99152
-4.91874
17
4.22951
-3.73016
1.38664
18
-5.4921
2.40363
0.69846
19
3.95454
0.29154
4.13572
0
3.057
-1.03994
-3.1465
1
-0.70273
-4.96146
2.44093
2
-3.06441
3.00288
-0.87925
3
-5.17351
2.01905
-0.65541
4
3.0105
2.32606
-2.42448
5
-4.43871
1.77141
3.16241
6
1.5473
-0.64027
-3.19194
7
2.30368
-4.43322
2.4828
8
-3.66294
4.23134
1.80799
9
1.83817
-0.40295
6.14178
10
2.02298
-0.12011
-5.4284
11
-0.85078
-4.23016
4.52468
12
-3.04204
1.67461
-1.05912
13
-3.67579
2.08273
1.6445
14
3.40416
3.90825
0.24143
15
-2.97418
2.4563
4.65869
16
3.19094
2.6382
-4.58407
17
4.34377
-2.79185
1.71297
18
-6.3332
1.91367
0.46453
19
4.0974
-0.41677
3.43929
0
2.66222
-1.59517
-2.41371
1
0.08012
-5.20332
1.86338
2
-2.20946
2.94739
-0.35604
3
-5.10237
1.61437
-1.57078
4
3.30713
1.44041
-2.77425
5
-4.86109
1.88699
4.05848
6
2.13163
-1.25148
-3.72163
7
2.0611
-5.15527
1.83851
8
-3.11298
4.37931
2.63123
9
0.96414
0.03654
6.35781
10
1.20816
0.22819
-4.96916
11
-1.27246
-3.32212
4.57139
12
-3.74039
2.15704
-0.53129
13
-4.26632
1.27917
1.69777
14
2.40577
3.96458
0.19321
15
-2.48989
1.9905
5.40418
16
3.90045
1.93168
-4.51348
17
5.17689
-2.24937
1.59828
18
-6.48926
0.94997
0.23922
19
3.81903
-1.35517
3.64849
0
3.10812
-2.0459
-3.19182
1
0.73708
-5.71709
1.31067
2
-1.43688
3.58423
-0.40847
3
-5.0603
2.57055
-1.86453
4
3.90713
2.09886
-3.23535
5
-4.79247
2.69135
3.46246
6
1.71064
-1.87084
-4.38715
7
2.83888
-4.58819
1.57853
8
-3.65947
3.6798
0.38165
9
1.40199
0.93348
6.31644
10
1.07745
0.45903
-5.93155
11
-1.81406
-2.53763
4.87311
12
-3.15678
2.67502
0.09066
13
-4.91924
0.93344
2.37109
14
1.88589
4.42281
-0.52518
15
-2.14715
1.21307
4.8769
16
4.77171
1.54912
-4.19953
17
6.11108
-2.00848
1.32111
18
-6.12409
0.30195
0.91004
19
4.12249
-2.24374
3.99774
0
2.86868
-2.75382
-3.85746
1
0.67745
-5.95877
2.27887
2
-0.82223
3.56958
-1.20096
3
-4.87639
3.49802
-1.55059
4
4.77503
1.64113
-3.05074
5
-3.92176
2.38271
3.83517
6
1.06982
-2.506
-4.82302
7
2.36078
-3.55444
4.17062
8
-4.64157
1.8359
0.82644
9
0.41535
1.11129
6.27944
10
0.94521
1.31896
-6.41937
11
-1.20787
-2.87815
5.59011
12
-3.14759
2.86546
1.07083
13
-4.68815
-0.01981
2.17528
14
0.9042
4.61642
-0.60008
15
-2.0652
0.21613
4.93407
16
4.51093
0.59694
-4.05808
17
5.35691
-1.26412
1.61911
18
-5.63524
-0.37759
1.45567
19
3.07292
-1.73099
4.19837
0
2.52241
-3.6559
-4.10835
1
1.07017
-5.0383
2.28838
2
-0.05361
4.12218
-0.86775
3
-4.10749
4.0637
-1.85184
4
5.25585
0.93781
-2.53048
5
-3.44967
3.25512
3.95966
6
1.10757
-1.07643
-4.32917
7
3.50268
-4.54006
2.74883
8
-2.67349
4.55003
1.74639
9
2.68537
1.53517
5.19787
10
1.42803
1.83349
-5.71141
11
-0.24737
-2.66929
5.42761
12
-2.92272
2.94786
2.03772
13
-4.11129
-0.37674
1.44297
14
0.39706
5.31591
-0.09994
15
-1.93247
-0.77587
4.92847
16
4.34096
0.00754
-3.27334
17
5.05351
-0.9912
0.70916
18
-5.97264
0.15239
2.23414
19
2.32389
-1.7334
4.85588
0
1.99059
-3.21323
-3.39169
1
1.76769
-5.51474
2.82232
2
-0.72525
2.93957
-1.96911
3
-4.1321
4.3214
-0.88436
4
5.80859
1.27675
-1.77263
5
-3.21134
1.72424
3.5888
6
0.71908
1.46336
-4.48534
7
2.45078
-5.23815
0.9262
8
-3.02156
4.80733
0.84781
9
2.78106
-0.6794
5.94456
10
1.87878
0.95896
-5.55444
11
-0.14856
-3.54876
4.95707
12
-4.50065
0.76509
-2.22099
13
-3.65149
1.38239
2.47996
14
2.50827
4.86732
0.61595
15
-1.46465
0.70174
5.5734
16
4.54033
-0.88387
-3.6732
17
4.10443
-4.66462
1.71033
18
-5.78393
-0.73404
2.65765
19
1.86402
-2.60056
5.05872
0
1.63255
-3.25921
-4.32454
1
1.04148
-6.44281
0.69976
2
-0.65884
4.82074
-1.23887
3
-5.49715
2.91773
-1.0242
4
2.87744
4.39842
-1.39394
5
-2.4555
3.16092
4.05462
6
0.48018
-2.21933
-4.06749
7
3.79366
-3.36827
3.99955
10
3.42287
-0.76847
-4.20087
11
-2.24531
-3.03459
4.12317
12
-4.68035
0.0969
-2.94583
13
-4.73137
-1.09206
1.76438
14
1.72981
3.24153
0.31844
15
-4.54841
-0.43118
4.16471
16
2.50678
2.92188
-5.27472
17
6.00668
-1.20158
0.48022
18
-5.14454
-0.19059
3.19796
19
4.71716
-1.2433
4.07595
0
3.6108
-1.82627
-2.19058
1
-1.07182
-5.88544
2.49352
2
-1.87185
3.45423
-1.30316
3
-5.11445
3.9799
-0.70395
4
2.7922
4.9052
-0.54058
5
-2.34373
3.25696
5.03967
6
0.17057
-2.2509
-5.17062
7
4.43681
-2.85131
3.19105
10
0.34669
1.41762
-5.62774
11
-2.22387
-4.0303
4.03678
12
-4.45649
1.08191
-3.56348
13
-3.74555
-0.04885
-0.16863
14
1.01017
3.36123
-1.91533
15
-4.00359
-0.3182
4.99407
16
4.98481
-1.00651
-2.78151
17
3.56996
-5.39913
1.28519
18
-5.12184
2.84119
2.35541
19
4.71682
0.72396
3.65141
0
4.51595
-1.77394
-1.76785
1
1.54909
-5.83787
0.09063
2
0.11711
3.17402
-1.13246
3
-4.76177
3.81325
0.2139
4
2.83405
1.79908
-1.58857
5
-1.59025
2.60856
4.92043
6
0.15777
-1.18291
-4.02699
7
2.8973
-3.2373
4.95756
10
-0.16611
1.88594
-4.90946
11
-1.53809
-4.79051
4.06104
12
-5.38695
-0.56916
-3.20042
13
-5.35264
1.08583
1.48324
14
0.37857
4.12383
-2.0617
15
-0.59962
1.18458
5.43776
16
1.5839
3.0391
-3.97411
17
3.78203
-4.39647
0.79172
18
-4.6824
3.74247
2.3144
19
2.69372
2.16853
3.89025
0
1.29427
-3.56307
-5.21532
1
1.57142
-5.07349
-0.55354
2
-2.36508
2.84196
-2.97008
3
-3.15959
4.10195
-0.91138
4
5.02477
1.32609
-1.15649
5
-3.06744
2.60056
3.13755
6
-0.14988
-0.31917
-4.42183
7
2.79759
-5.37875
2.4753
10
-0.69663
2.64951
-5.2882
11
-0.17552
-1.8464
5.98499
12
-3.15444
1.85867
-3.03667
13
-4.89762
-2.06525
1.94076
14
3.74347
4.82658
0.04838
15
-2.62535
1.12986
5.89277
16
2.65556
1.89595
-3.64838
17
4.57585
-3.02642
0.76647
18
-6.21537
1.9832
-0.52685
19
1.29211
-2.11629
5.72201
0
5.23098
-2.4256
-1.51761
1
2.49563
-5.13716
-0.93806
2
-1.18455
3.80901
-2.13425
3
-3.13403
3.84221
-1.95038
4
3.77847
2.93251
-2.21548
5
-0.68126
2.18651
4.91658
6
0.08049
0.69533
-4.50735
7
2.82101
-5.99605
0.38231
10
-0.04536
2.05291
-6.29421
11
-2.70366
-3.68297
3.22777
12
-3.81232
-0.35831
-3.13809
13
-5.43614
-1.82262
2.74869
14
1.66115
2.3291
-1.70834
15
-1.32817
-0.75127
5.72384
16
4.09445
-1.73947
-3.94862
17
5.97234
-0.43191
-0.15959
18
-5.73257
-0.31091
0.22013
19
0.92621
-3.01772
5.48566
0
1.01553
-2.99776
-3.29343
1
0.13409
-6.51606
1.23895
2
-2.932
2.74896
-3.79328
3
-5.03161
2.86197
-0.13531
4
3.52503
2.89302
-1.25211
5
-1.71497
2.27805
3.98857
6
-0.32954
-1.29571
-3.15866
7
4.60029
-2.10049
2.55479
10
2.81203
-0.79202
-5.87781
11
-2.44714
-1.86103
5.25554
12
-3.74147
1.89691
-3.84862
13
-4.12294
0.68199
0.71106
14
0.61173
4.65578
0.61496
15
-1.00559
1.11881
6.35322
16
5.66011
-0.28393
-2.94389
17
4.69621
-1.23413
-0.18847
18
-6.13636
-1.1831
1.76206
19
3.60406
-0.40842
4.75177
0
5.03716
-2.78547
-2.43371
1
0.79874
-4.65116
-1.02477
2
-1.13432
4.58265
-2.76943
3
-2.7334
4.67958
-2.32132
4
4.2871
1.15894
-0.50448
5
-1.40967
3.24568
4.16763
6
-1.27607
-0.99662
-3.30159
7
5.51384
-1.74952
2.77104
10
-0.30719
1.89708
-3.92112
11
0.6238
-1.24498
5.93185
12
-5.04295
1.4978
-2.62484
13
-2.82
0.60001
-1.63449
14
-0.22278
4.14696
0.40136
15
-2.85161
-0.58431
4.57739
16
1.30532
3.73991
-4.63285
17
3.93071
-5.17386
0.17775
18
-4.22985
-0.52052
2.98227
19
3.27337
-1.31717
5.08842
0
2.75106
-3.80552
-3.12768
1
0.02774
-5.77746
0.57564
2
-0.39629
4.85527
-3.38344
3
-3.45366
4.77811
-3.00305
4
2.89456
2.29365
-0.7224
5
-2.63931
0.92308
3.78601
6
0.82307
1.35323
-3.08785
7
5.47007
-0.76282
2.59102
10
-1.02364
2.05056
-6.08399
11
-2.06909
-5.08455
3.26506
12
-4.53304
2.38944
-4.2057
13
-2.68646
0.86927
-2.58748
14
-0.84413
3.36448
0.4854
15
-2.47669
0.16347
6.09784
16
4.79258
-0.28852
-2.10944
17
3.8155
-3.94916
-0.10314
18
-6.24808
0.67741
-0.694
19
4.47415
1.6922
3.74337
0
0.76397
-3.6489
-4.01154
1
0.63958
-4.5423
-2.00736
2
-2.02754
1.9467
-1.91448
3
-3.55904
4.96369
-1.39462
4
5.6525
1.94097
-2.67777
5
-0.63352
3.55884
4.71472
6
0.59883
-0.32572
-3.25801
7
4.48179
-0.77876
2.42889
10
0.28708
0.02613
-6.36705
11
-2.94521
-4.63378
3.44787
12
-4.50148
0.21285
-4.05464
13
-2.97437
0.50363
-3.47028
14
4.4174
4.18492
0.42198
15
-0.71224
0.09079
5.32841
16
5.48557
0.23304
-1.61975
17
5.33246
-0.79703
-0.83908
18
-5.92422
1.58216
2.30513
19
4.87044
-0.25606
4.04156
0
0.05704
-2.73004
-3.20379
1
1.99072
-5.98374
-1.09526
2
-1.4493
2.45314
-3.05866
3
-2.71977
5.50242
-1.34918
4
2.70578
4.68417
-2.63211
5
-1.29489
2.67447
5.8702
6
2.22671
-0.14673
-3.85559
7
5.73373
0.20437
2.63311
10
-1.15075
2.79928
-4.41284
11
0.94891
-0.65067
5.19317
12
-2.17744
2.9146
0.83089
13
-5.10219
0.61029
0.50603
14
1.93554
5.68302
0.73339
15
-0.90196
-0.12876
6.38159
16
1.40707
4.40201
-3.88733
17
4.4329
-0.3077
-0.45765
18
-3.352
-0.1125
3.22052
19
1.81562
2.60567
3.67659
0
2.50394
-4.75559
-2.95679
1
1.37725
-4.96478
-2.52857
2
-2.31545
3.81572
-3.20608
3
-3.26605
-0.36852
-1.13159
4
3.35595
4.44101
-3.35675
5
-0.93657
4.48556
4.48017
6
-0.57634
-1.85942
-5.70129
7
6.15881
-0.41805
1.95204
10
1.66885
-0.41634
-6.31604
11
-3.43815
-3.50706
2.56698
12
-5.61081
0.45173
-3.02766
13
-3.68797
0.13746
2.1897
14
1.15696
5.04786
1.35812
15
-3.03891
0.31552
5.14052
16
0.42623
4.2472
-3.98315
17
6.10232
0.5341
0.06878
18
-5.21126
-0.41769
-0.63029
19
3.97153
2.40811
4.23184
0
0.64092
-3.77932
-2.78742
1
-0.54688
-5.42996
-0.16
2
-2.25841
2.86297
-4.52509
3
-3.48474
-0.84175
-1.98409
4
4.72777
0.95864
0.37139
5
-0.4623
4.16835
3.66076
6
-0.31182
-0.81893
-5.27572
7
3.11694
-2.81691
3.50358
10
0.88636
2.66437
-5.55775
11
-3.17704
-3.81966
4.23708
12
-1.95532
2.89745
2.27345
13
-4.71378
-1.80816
3.43919
14
0.6812
4.99493
-2.44397
15
-2.80229
-1.41709
4.01896
16
5.24565
0.3342
-0.65649
17
3.44643
-3.74513
-1.00746
18
-5.75893
-1.18715
0.70711
19
5.28117
1.55959
3.17147
0
3.95485
-1.03859
-1.39557
1
-0.18524
-4.86881
-2.46279
2
-0.50341
2.1907
-2.58833
3
-2.07458
5.35334
-0.6033
4
4.44606
3.51923
-1.7601
5
0.19049
3.48127
5.27466
10
-0.21303
3.14297
-4.3436
11
-3.5938
-2.52341
2.51871
12
-2.45709
3.53695
2.85785
13
-4.11354
-2.3451
1.389
14
2.71561
3.43026
0.97566
15
-3.73418
-1.25941
5.18775
16
5.66118
-1.71311
-2.99637
17
5.42865
-1.81194
-0.54558
0
2.10721
-2.80784
-2.48811
1
-0.89986
-4.92566
-0.94592
2
-0.9559
3.72539
-3.24558
3
-2.84494
5.72014
-0.07729
4
4.21079
0.87416
-1.53012
5
-1.3942
3.75164
3.30714
10
-1.25406
1.62712
-3.75703
11
-2.40082
-5.07528
2.32153
12
-5.45718
0.60736
-1.98181
13
-4.96015
-2.00025
0.94381
14
1.25871
5.79044
-2.61679
15
-1.26818
-1.74412
5.78072
16
1.53459
5.34991
-3.58977
17
4.75176
-4.40101
0.53886
0
-0.23392
-3.47697
-2.40056
1
-0.77161
-5.22898
0.80452
2
-1.35842
5.48693
-1.48554
3
-4.10739
-1.61897
-1.92951
4
2.55105
5.76543
-0.08322
5
0.26455
2.48249
5.31268
10
1.84387
-1.39131
-6.15756
11
-3.47432
-2.41119
3.50834
12
-3.9105
1.12512
-4.45875
13
-4.47653
-1.77208
4.40831
14
2.06619
4.83973
1.71566
15
0.01771
-0.39466
6.08551
16
3.48113
-1.70955
-4.73905
17
5.41713
-2.67874
-0.05134
0
4.62124
-3.67133
-2.21301
1
0.5953
-5.52981
-2.77976
2
-0.89812
4.03938
-4.1904
3
-4.10631
2.90691
-1.31969
4
3.84501
1.95964
-1.0851
5
-0.86611
3.82125
2.45633
10
-0.87495
3.62817
-5.39656
11
-3.89957
-3.24989
3.8516
12
-4.4811
-1.08905
-3.02913
13
-4.0799
-0.90788
-0.564
14
1.60062
1.67518
-2.45812
15
-0.3372
1.91855
6.06069
16
4.63809
-2.18516
-3.23462
17
4.13871
-3.07188
-1.27079
0
3.46581
-3.78506
-2.43287
1
-1.56116
-4.45046
2.38427
2
-0.18766
5.70137
-1.16916
3
-6.01967
1.57762
-1.96264
4
3.83073
3.8374
-1.03608
5
-0.16041
2.62312
4.17848
10
4.37572
-0.62124
-4.79541
11
-2.87615
-4.453
1.70363
12
-5.09684
-1.57452
-3.65542
13
-4.49371
-0.27566
0.52818
14
3.59723
3.02519
1.22236
15
-2.29572
-0.8216
6.13852
16
2.67916
3.47664
-4.39597
17
2.83711
-4.01273
-0.26596
0
3.82791
0.87947
-5.21743
1
0.45677
-6.21123
-0.21173
2
0.97493
3.52789
-0.75072
3
-4.69229
-2.39707
-1.71314
10
-1.02952
0.70516
-4.07009
11
-3.12494
-4.77677
0.79157
12
-2.1644
3.91731
0.83447
13
-5.71653
-2.60532
2.1406
14
0.78629
5.97208
1.27527
15
0.38405
0.27268
5.43195
16
2.27442
4.41732
-4.37712
17
3.35638
-4.51108
-1.64783
0
-1.05297
-2.94054
-2.60549
1
1.41995
-5.24504
-1.53084
2
-3.00779
2.69736
-5.16152
3
-2.30744
4.4835
-0.16611
10
0.07211
3.24706
-3.393
11
-4.38025
-3.76988
2.37649
12
-3.07469
-1.02005
-2.97978
13
-3.00675
-0.38425
-3.93003
14
-0.46303
4.37051
1.34835
15
-3.27158
-2.12939
4.54327
16
6.00432
-1.65744
-2.06097
17
6.47128
-0.52419
-1.01706
0
-1.84269
-3.1716
-3.16744
1
-1.14041
-4.70261
-2.7097
2
-2.44091
3.9088
-4.19436
3
-4.40247
-3.31465
-1.97885
10
-0.50465
0.63443
-6.28792
11
-3.03612
-3.78704
0.68229
12
-3.00316
1.35624
-4.79881
13
-3.86279
-1.55225
1.94888
14
-0.58137
5.1739
0.07194
15
-3.53136
0.34026
4.27201
16
0.20907
4.0245
-4.93545
17
2.49416
-4.08281
-1.92451
0
3.99061
-2.7392
-2.3362
1
-1.48276
-4.29385
-1.46369
2
-0.50345
6.3429
-0.47457
3
-3.82393
-3.16675
-2.77938
10
-2.1525
1.2629
-3.98636
11
-3.13075
-4.01624
-0.28465
12
-4.20262
2.57892
-3.28764
13
-2.42066
0.20103
-4.49278
14
-0.06951
6.25689
1.70634
15
0.02432
1.42071
4.69441
16
3.80259
0.12699
-2.43673
17
3.68183
-4.7671
-0.70214
0
-1.91388
-2.86753
-2.10132
1
0.34679
-5.83747
-1.86499
10
-1.50043
0.14609
-3.38219
11
-0.16906
-1.10059
5.31593
12
-3.16389
0.84244
-5.63859
13
-5.33016
-2.78073
0.4401
14
2.50002
4.18199
2.33121
15
-3.63081
-1.34305
3.46121
0
3.3865
-4.54121
-3.37387
1
0.41493
-5.16367
-0.15848
10
0.66796
2.45625
-3.22922
11
-4.70916
-4.18134
1.5307
14
3.35317
4.58471
1.06481
15
0.95231
1.74227
4.86912
0
-2.73595
-3.40428
-1.92897
1
-1.34979
-3.85337
3.59618
10
2.29076
-1.88992
-5.41949
11
-2.22172
-5.08513
1.28332
14
-0.96411
5.15659
0.99985
15
-1.65181
1.67064
5.84085
0
-2.74216
-3.59938
-3.27405
1
-1.60663
-5.33806
0.25949
10
-1.80721
1.24643
-4.92561
11
-2.76484
-5.42864
0.12475
14
-1.84376
5.31123
0.55214
15
1.80964
2.22631
4.69958
0
-1.10355
-3.3793
-3.81236
1
0.62408
-5.30105
-3.7551
10
-1.42951
0.27686
-6.41013
11
-4.0485
-4.89662
1.159
14
3.10619
4.94943
2.53574
15
2.54811
2.6986
5.18448
0
1.62555
-4.05561
-2.99999
1
-0.73094
-5.66076
-2.18331
10
1.17661
-2.10012
-5.91738
11
-3.08029
-3.44585
1.6221
14
-1.32859
4.50351
0.26342
15
1.67122
3.15055
5.05427
0
-2.65067
-4.29748
-2.37761
1
-0.73635
-6.3552
-1.4636
10
-2.12608
1.80683
-5.68606
11
-3.72993
-5.45239
-0.14277
0
3.863
-2.76507
-3.75632
1
-1.68585
-5.94147
-2.31355
10
-0.48933
0.90379
-3.24998
11
1.61462
-3.67156
4.99144
10
1.30401
-0.80692
-5.32921
11
-1.94459
-6.00979
1.02589
