0.5
10
1
1
1
1
1
1
1
1
1
1
1
1
1
1
1
1
1
1
1
1
1
1
1
1
1
1
1
1
1
1
1
1
1
1
1
1
1
1
1
1
1
1
1
1
1
1
1
1
1
1
1
1
1
1
1
1
1
1
1
1
1
1
1
1
1
1
1
1
1
1
1
1
1
1
1
1
1
1
1
1
6.98824
1.02986
0.60291
-0.56997
3.713
562
0
-1.74671
1.98631
3.38037
1
-2.90499
-4.21468
-1.7336
2
-4.90286
-3.57031
0.84271
3
3.76861
-1.17816
2.2597
4
-2.00461
1.33267
-3.56774
5
-0.49919
-3.4711
1.68359
6
1.28164
2.1218
4.22029
7
-4.76436
3.60767
0.88982
8
-2.45413
-2.80914
-4.19398
9
-1.061
-2.31944
4.40195
10
-1.74671
1.98631
3.38037
11
-2.90499
-4.21468
-1.7336
12
-4.90286
-3.57031
0.84271
13
3.76861
-1.17816
2.2597
14
-2.00461
1.33267
-3.56774
15
-0.49919
-3.4711
1.68359
16
1.28164
2.1218
4.22029
17
-4.76436
3.60767
0.88982
18
-2.45413
-2.80914
-4.19398
19
-1.061
-2.31944
4.40195
0
-1.2178
2.17037
4.20848
1
-2.54237
-5.02634
-2.18449
2
-4.12427
-4.18202
0.98504
3
4.37216
-0.39992
2.06636
4
-1.35641
2.04158
-3.85258
5
-1.01107
-2.61104
1.73128
6
0.47574
1.69751
4.63046
7
-4.49877
3.09777
1.70748
8
-2.23612
-3.56603
-3.58248
9
-1.40885
-3.25837
4.44547
10
-1.28803
1.14938
3.09524
11
-3.42278
-3.64273
-1.09766
12
-4.70368
-3.56765
-0.13904
13
3.26962
-2.03322
2.40896
14
-2.98094
1.12897
-3.63877
15
-0.13393
-4.39793
1.75335
16
0.49722
2.25232
3.61829
17
-5.0395
2.97843
0.1677
18
-1.6907
-2.54503
-3.60696
19
-0.97262
-2.89037
3.58927
0
-1.28533
2.75201
5.02356
1
-1.8313
-4.5093
-1.71152
2
-3.59561
-4.80395
1.55966
3
3.90332
-0.45939
2.94895
4
-1.88579
2.24651
-4.67817
5
-1.68858
-2.91243
2.40422
6
0.88652
0.78906
4.59828
7
-5.34754
2.57341
1.76233
8
-2.26752
-3.11405
-2.68785
9
-2.3453
-3.61389
4.45911
10
-1.03497
0.48203
3.79477
11
-3.95354
-4.12187
-1.79826
12
-4.92976
-2.65952
-0.49265
13
4.11158
-2.06671
1.87473
14
-3.46877
0.90205
-4.48258
15
-0.79768
-4.37616
1.00194
16
-0.07204
2.81489
4.22157
17
-5.84669
2.4064
0.30339
18
-2.06782
-1.7397
-4.05709
19
-1.16121
-3.85936
3.40844
0
-0.71741
2.29366
5.7025
1
-1.98868
-4.35139
-2.68753
2
-4.08512
-4.1205
2.09733
3
4.37566
-1.18366
3.44527
4
-2.18033
3.18002
-4.87679
5
-2.65876
-2.68065
2.49986
6
1.52429
1.19468
5.25686
7
-4.65445
1.93873
1.42884
8
-2.90402
-2.42301
-2.34499
9
-2.79309
-3.85987
3.60181
10
-1.49385
-0.36982
3.55093
11
-3.64947
-4.9701
-1.36475
12
-4.60963
-1.8642
-1.00376
13
4.67791
-2.3825
1.1101
14
-3.21887
0.78087
-5.43995
15
-0.65804
-5.35316
1.16867
16
-0.52103
3.5394
3.70348
17
-5.82772
1.45677
-0.01664
18
-1.72152
-1.6419
-4.99235
19
-1.66371
-4.42452
2.74863
0
-1.68411
2.05274
5.76256
1
-2.94175
-4.1116
-2.88274
2
-3.96977
-3.17317
1.79623
3
4.05256
-1.79494
4.16662
4
-1.74017
4.05483
-4.68316
5
-3.40107
-2.08607
2.81038
6
0.82113
0.76111
5.81923
7
-4.39248
1.16369
0.86045
8
-3.40719
-2.35479
-3.20194
9
-2.98294
-2.91765
3.89003
10
-0.7224
-0.82897
3.11832
11
-3.68567
-4.51023
-0.47573
12
-4.77225
-0.98129
-0.55808
13
5.28667
-1.82094
0.54933
14
-3.46215
-0.13301
-5.11269
15
0.16173
-5.72247
0.72521
16
-1.41588
3.42162
3.27031
17
-5.48364
0.7546
-0.63755
18
-1.56302
-0.68749
-4.7451
19
-0.82704
-4.94401
2.93978
0
-1.65211
1.10791
6.08358
1
-3.51774
-3.90216
-3.67447
2
-3.28368
-3.5203
1.16208
3
3.4186
-1.53568
3.4342
4
-0.83125
4.38787
-4.43757
5
-3.9885
-2.84426
3.10538
6
0.85037
-0.09932
5.30329
7
-4.58642
0.19798
1.01753
8
-1.92922
-3.01845
-5.0149
9
-0.53166
-2.96828
4.9511
10
-0.07567
-1.1669
3.80561
11
-3.51415
-5.36227
0.01374
12
-5.70228
-1.28633
-0.35408
13
5.68406
-1.22942
1.25544
14
-2.63195
-0.40253
-5.59413
15
0.83363
-6.1174
0.09864
16
-1.86543
4.30754
3.16288
17
-5.55276
0.40334
-1.57355
18
-0.59079
-0.83185
-4.92023
19
-0.05577
-2.64608
3.27131
0
-0.95093
0.74916
5.46319
1
-4.31337
-3.47399
-3.24157
2
-2.42452
-4.02816
1.09881
3
2.59581
-1.04081
3.15989
4
-0.24164
3.65853
-4.78533
5
-3.3935
-3.54484
2.71635
6
1.3025
2.40296
5.17754
7
-3.6894
1.68095
1.44616
8
-4.25772
-2.08548
-2.74363
9
-1.69582
-1.5543
4.48313
10
0.89114
-1.20101
4.07215
11
-2.84595
-4.80151
0.49825
12
-6.07582
-1.64711
-1.20844
13
5.35828
-1.60708
2.12392
14
-2.78601
0.2299
-4.21029
15
1.13073
-6.06466
1.05011
16
0.45658
3.71329
3.56888
17
-3.79116
3.67182
1.10837
18
-0.85125
-2.09546
-3.30017
19
-0.23218
-4.17754
3.23785
0
-1.39182
1.08019
4.62585
1
-4.24862
-2.68297
-3.84393
2
-2.74784
-3.5714
0.26737
3
2.50385
-0.40397
3.92163
4
0.5362
3.0541
-4.94162
5
-2.73204
-4.18961
2.32774
6
1.896
2.71539
3.69375
7
-4.66276
2.06867
0.43997
8
-1.70587
-4.38226
-3.82174
9
-2.06337
-2.45109
4.72518
10
0.9238
-2.08907
3.62146
11
-2.44409
-5.44651
-0.15548
12
-5.73569
-2.57868
-1.09355
13
4.98155
-2.50115
2.38197
14
-2.39028
-0.60917
-3.84429
15
2.06499
-5.93194
1.3702
16
0.14206
4.49393
4.11603
17
-3.032
4.2263
0.76738
18
-0.36027
-1.70105
-5.35767
19
0.00214
-5.27267
2.47905
0
-2.20756
1.39085
4.13077
1
-4.08961
-1.7912
-4.25818
2
-2.78086
-2.66502
1.03202
3
2.74137
-1.97066
4.02949
4
-2.81666
3.0737
-4.11205
5
-3.66924
-2.0651
1.85039
6
1.39793
-0.02429
4.31044
7
-3.73456
0.33265
1.51974
8
-5.08238
-1.60947
-3.05445
9
-1.0261
-1.13796
5.0929
10
1.52628
-2.00554
4.41911
11
-2.22124
-5.73953
-1.08179
12
-5.55183
-0.92626
-1.65628
13
4.46096
-3.21864
1.61133
14
-2.73645
1.62247
-5.1834
15
-0.73715
-3.82018
0.17531
16
-1.92176
2.91164
2.57483
17
-5.26153
3.49856
-0.65651
18
-1.01671
-1.68231
-4.28231
19
-2.09502
-5.0306
2.08551
0
-0.66723
2.45764
3.4228
1
-1.17748
-4.85666
-2.97109
2
-2.75342
-1.98163
0.30177
3
5.26105
0.00896
2.2655
4
-1.07393
3.35744
-5.25369
5
-4.10873
-2.19576
3.85562
6
1.26599
3.11074
4.3597
7
-3.41975
1.69968
0.48557
10
1.77317
-1.81273
5.36569
11
-1.25948
-5.99282
-1.1474
12
-4.58061
-0.72871
-1.50993
13
5.20372
-2.68574
0.05409
14
-3.01908
1.45691
-2.69203
15
0.72785
-4.44154
1.24892
16
-1.40673
3.87536
2.3812
17
-4.92103
0.9655
-2.11433
18
0.28418
-2.45514
-5.51136
19
0.31106
-3.20685
4.01595
0
-2.88536
1.75439
3.48573
1
-4.63425
-0.95789
-4.18062
2
-1.77828
-3.33459
0.23053
3
4.58755
0.55384
2.76297
4
-0.04548
2.25437
-4.80825
5
0.19092
-3.43932
2.40139
6
2.24631
0.64056
5.66559
7
-3.35155
1.5473
2.3798
10
-0.32603
-1.70768
2.85726
11
-2.15318
-4.52213
-0.38776
12
-4.23954
-0.15862
-0.35043
13
5.30101
-1.39687
-0.35203
14
-3.50651
0.60135
-2.84967
15
1.00368
-3.58784
1.69225
16
-1.55032
3.61291
4.24275
17
-4.71838
1.57945
-1.3506
18
-0.96171
0.11412
-4.76833
19
-0.45744
-3.9561
4.18299
0
-2.39241
2.05565
5.05738
1
-4.09517
-0.12656
-4.0562
2
-2.63763
-1.35542
1.07123
3
5.60271
-0.60794
2.9689
4
-1.50176
2.9465
-3.44652
5
-3.61128
-1.10634
2.82162
6
0.46504
0.05288
3.96725
7
-5.45889
0.23335
1.49774
10
1.60456
-0.90056
5.72883
11
-0.54253
-5.29784
-1.22778
12
-3.58161
-0.59809
-0.95554
13
4.56113
-3.45479
-0.00324
14
-3.19601
-0.24585
-2.42229
15
1.23314
-2.93063
2.41511
16
1.27275
3.8679
3.00923
17
-3.71837
4.32275
1.85974
18
-2.84538
-2.33345
-4.98444
19
0.75979
-4.2829
3.2879
0
-0.40175
3.15951
5.25404
1
-1.01234
-5.72856
-2.50632
2
-4.16371
-2.65135
0.96563
3
2.23416
-1.96833
3.12798
4
-1.05007
3.39373
-4.22245
5
-4.91971
-2.7789
2.74352
6
0.05095
0.33272
4.89291
7
-5.55373
0.08762
2.48111
10
1.00805
-2.28382
5.80652
11
0.44513
-5.17565
-1.31544
12
-4.27117
0.83063
-0.49176
13
6.19438
-1.56608
0.2189
14
-3.3893
1.88501
-4.33933
15
1.02714
-5.20525
-0.25245
16
-2.77846
2.88614
3.08682
17
-2.88886
3.94527
2.27609
18
0.36006
-1.54001
-6.03344
19
-0.16672
-1.97312
4.68074
0
-0.08351
3.05113
2.86248
1
-0.42505
-4.21549
-2.81297
2
-3.9606
-2.5812
-0.01102
3
4.8698
0.05101
1.32207
4
-1.72713
2.39008
-5.65315
5
-4.45833
-1.27339
4.03743
6
0.07144
-0.14184
5.93232
7
-5.02549
-0.66619
2.08805
10
-1.89987
1.60373
2.44561
11
0.45265
-4.17863
-1.27231
12
-3.36956
-1.55234
-0.75376
13
5.09829
-1.83545
-1.22573
14
-3.76792
2.81161
-4.38641
15
1.30604
-5.99509
-0.7936
16
-3.1669
3.51843
3.75792
17
-2.66482
5.15384
0.80174
18
-0.81896
-2.56083
-5.12663
19
0.80393
-5.19853
3.68004
0
-2.49972
0.50799
3.75806
1
0.1229
-4.87472
-3.3347
2
-2.0445
-2.59794
-0.39747
3
2.82098
-0.40349
4.87269
4
0.08992
1.71821
-5.64211
5
-4.862
-1.99911
2.11818
6
2.12718
1.67895
4.52166
7
-5.48492
-0.75928
3.00861
10
-1.99997
-0.31835
4.40767
11
0.43662
-4.32522
-2.2576
12
-3.75133
-2.38834
-1.15052
13
5.09099
-2.6854
-1.75379
14
-3.25411
-1.2225
-2.61812
15
1.96264
-5.52021
-0.08827
16
-1.34839
4.87079
2.44916
17
-5.90215
1.001
-2.31323
18
-0.9695
-3.18175
-3.32289
19
1.30322
-3.51971
3.62858
0
-2.59857
0.62392
2.76587
1
-0.51154
-3.43728
-2.18569
2
-3.08609
-0.94288
0.27784
3
3.2995
0.33111
3.04618
4
-0.79436
4.29169
-3.44079
5
-2.68657
-1.5874
2.31897
6
2.6403
1.87501
3.68406
7
-5.38345
1.19154
0.9702
10
-2.48618
-0.07452
5.24985
11
0.9885
-3.63226
-2.72014
12
-4.97647
-0.71802
0.38544
13
5.23659
-2.23934
-2.63326
14
-3.82749
-1.14856
-3.4333
15
1.70846
-5.63178
2.25449
16
-2.2379
2.79711
3.92455
17
-1.7344
4.93246
0.51471
18
-2.24922
-1.4872
-5.83127
19
-1.40256
-1.99768
3.43444
0
-2.56556
-0.36263
2.61137
1
-0.84033
-4.77513
-2.02911
2
-2.17872
-2.30547
-1.34797
3
4.23822
-2.52432
3.51029
4
-0.49167
2.69291
-5.72058
5
-5.2767
-2.97515
1.82737
6
0.62569
2.29392
5.9036
7
-4.9378
1.08121
1.86054
10
-2.54699
-0.67193
3.64641
11
1.9136
-3.98964
-2.56788
12
-5.26947
-3.19194
-1.73407
13
4.67413
-4.42039
0.22697
14
-3.54817
1.99915
-2.03782
15
1.67704
-5.14265
0.79301
16
-0.52219
3.97231
1.9209
17
-5.0504
2.14937
-0.60086
18
-1.27004
-0.20351
-5.66866
19
1.54741
-3.96256
2.76759
0
-2.5314
0.94315
1.81735
1
0.13115
-5.44007
-2.5142
2
-1.88422
-3.49578
-0.80091
3
3.70019
0.00963
4.64511
4
-3.49976
3.32358
-3.42731
5
-1.54163
-3.60281
1.69501
6
0.66132
3.6455
4.95083
7
-5.79108
-1.30218
2.20717
10
-3.32607
-0.43547
4.23112
11
0.46527
-4.25021
-0.27815
12
-5.88819
-0.34377
0.55103
13
5.02291
-1.60956
-3.38072
14
-1.90088
0.34782
-3.68952
15
1.83396
-4.95364
2.97386
16
1.56936
4.68812
3.50454
17
-1.33393
4.52334
-0.30642
18
-2.2813
-1.56675
-3.09157
19
1.82719
-4.01769
4.31633
0
-2.67218
1.09358
5.10883
1
-0.81923
-4.02175
-1.37795
2
-5.37632
-2.80901
0.39307
3
2.69285
-2.8387
3.30341
4
-0.24569
4.57577
-2.65694
5
-3.57956
-2.15454
4.69916
6
1.85623
3.89859
4.17986
7
-4.1043
2.55768
2.44711
10
-0.33766
1.12687
4.1113
11
2.83271
-3.97116
-2.95213
12
-3.87465
0.52876
-1.35659
13
3.80216
-4.57205
-0.2366
14
-3.83829
2.84777
-1.58864
15
1.70751
-4.19708
0.4621
16
-0.83332
4.4499
4.3332
17
-4.42507
3.75763
-1.13471
18
-0.80911
-3.92157
-3.97177
19
0.38091
-3.52026
4.96091
0
-3.32432
0.88339
4.17806
1
1.11311
-5.01714
-3.37992
2
-4.13207
-1.74098
0.54468
3
3.67319
-0.83326
5.1772
4
0.86954
1.16889
-5.3303
5
-3.50366
-0.74616
1.89413
6
-0.81169
-0.53714
6.19881
7
-4.36308
1.8333
3.0824
10
0.89395
-1.49118
5.02841
11
2.16501
-4.88322
-2.92942
12
-4.35597
-2.96076
-2.06725
13
4.25846
-2.6546
-1.20607
14
-2.98976
2.24682
-3.50006
15
2.32667
-5.74724
-0.99016
16
-0.33377
4.51228
1.09668
17
-2.16284
4.38339
1.2306
18
0.80537
-0.66339
-5.85898
19
-1.62414
-4.36154
4.1359
0
-1.79854
-0.97819
2.77636
1
1.15031
-4.20508
-3.96451
2
-3.04876
-0.06628
0.75763
3
5.07537
-1.81484
3.12146
4
0.29524
3.69161
-3.94
5
-4.27296
-0.55668
3.36654
6
1.85151
1.18775
3.69491
7
-2.81561
2.14288
1.27149
10
2.73036
-1.65845
5.10616
11
2.82862
-4.00866
-3.95161
12
-4.90099
-0.10447
-2.22529
13
4.64677
-1.32455
1.48529
14
-4.12017
3.27275
-2.44969
15
2.38636
-4.42029
2.32772
16
-0.31539
4.10089
2.90678
17
-0.38907
4.65738
-0.61476
18
-0.00028
-3.01897
-3.14865
19
0.86593
-4.34402
4.66504
0
-4.19665
0.52803
4.51458
1
0.79692
-3.28213
-3.8348
2
-5.08794
-1.8586
0.82045
3
2.90294
-2.91863
4.29567
4
0.45031
5.0709
-2.14393
5
-4.55458
-1.42982
2.92633
10
-2.38735
-0.93128
5.75672
11
3.27754
-3.1641
-3.66913
12
-6.40575
0.39605
0.11549
13
3.59504
-3.66018
0.12326
14
-3.82311
1.74494
-3.21724
15
2.55668
-4.70659
0.62143
16
0.49085
3.97566
2.32626
17
-5.82119
1.74855
-1.09837
0
-0.0909
1.52239
5.83745
1
0.48437
-3.9843
-4.67839
2
-1.75856
-2.6384
0.95117
3
4.39916
-0.90716
4.46898
4
1.01169
2.43913
-5.56713
5
-4.79182
0.29543
3.4345
10
-2.74565
-1.62
5.12223
11
-1.85841
-4.94115
0.4919
12
-3.07205
-2.71408
-0.49667
13
4.28038
-1.05154
-3.01646
14
-4.40131
2.84827
-3.6103
15
1.63309
-3.99022
-0.51197
16
1.271
5.48509
2.97986
17
-5.44817
0.97788
-3.20755
0
-3.504
1.61438
4.93434
1
0.26618
-6.09663
-1.77315
2
-3.25961
0.61033
0.05574
3
4.77404
1.51933
2.59444
4
-1.17876
5.19797
-3.28117
5
-3.79454
0.36615
3.36674
10
0.13134
-0.85008
5.13446
11
1.96648
-3.53331
-3.76598
12
-5.87063
-0.31649
-0.52841
13
4.07548
-1.85408
-3.57986
14
-3.59978
4.11993
-2.58434
15
3.22149
-5.44974
0.50681
16
-0.86063
5.27761
1.47014
17
-0.49494
4.90392
-1.57527
0
-3.02275
2.79024
4.79798
1
0.06242
-6.01598
-0.79548
2
-5.97667
-2.01125
0.30008
3
5.03896
2.4827
2.62228
4
-1.47542
1.50378
-6.03814
5
-3.97046
-0.77852
1.01479
10
-3.39747
0.32777
5.25852
11
2.91879
-5.05847
-2.29311
12
-4.67854
-0.49857
-3.11652
13
5.51921
-0.62975
-0.95308
14
-3.3357
3.18561
-0.7941
15
2.65856
-5.20898
1.71578
16
-1.99733
5.49189
2.01064
17
-5.47991
2.64445
-1.38498
0
-3.74259
2.53426
4.14758
1
-3.30869
-1.35798
-4.71133
2
-2.73271
-1.57538
-1.74746
3
4.66785
1.18351
3.53854
4
1.46724
3.29088
-5.20847
5
-3.09879
-1.85872
3.87797
10
-0.71122
-0.3772
4.17466
11
1.5845
-5.50784
-2.40287
12
-5.20112
-2.20588
-1.90326
13
3.79859
-2.886
2.38761
14
-2.3199
0.85182
-5.87875
15
-1.45621
-5.88304
1.4562
16
-0.32264
5.40552
0.64132
17
-1.66412
3.84228
0.34131
0
-4.20245
1.48545
4.22645
1
1.20279
-3.43452
-5.10078
2
-3.18345
1.43074
-0.50729
3
3.12327
0.52753
4.01664
10
-1.63707
-1.57949
5.87256
11
1.91485
-4.21282
-1.58914
12
-4.05628
-1.49056
-1.8982
13
5.62917
-2.67974
1.11136
14
-2.96128
3.73425
-1.54505
15
0.21467
-3.7393
0.75091
16
0.24167
6.08289
1.10552
17
-5.57387
1.92699
-2.48404
0
-4.30993
3.10166
3.54531
1
1.03673
-2.53311
-4.69406
2
-5.85425
-1.24128
1.0182
3
4.29858
1.70238
4.31299
10
-3.79247
-0.92728
4.97023
11
-1.1019
-5.07137
-0.14969
12
-5.66333
-0.46109
-2.94652
13
6.09344
-0.97067
-1.69572
14
-4.34861
1.90167
-4.06949
15
1.95659
-3.11157
1.74946
16
1.18299
6.13214
1.43909
17
-0.7176
5.59649
-0.50825
0
-1.64416
-1.77332
2.18605
1
-0.06149
-3.4839
-5.35347
2
-3.89296
2.13953
-0.46366
3
5.8138
0.35863
1.42956
10
-0.84413
-2.18675
5.94525
11
3.43058
-4.24406
-2.02512
12
-4.92646
-3.95613
-1.0292
13
5.09318
-0.69646
-3.78073
14
-2.86168
2.53362
-1.39207
15
2.59889
-4.34519
3.29916
16
1.51514
4.01432
2.04743
17
-3.95358
3.2675
0.20986
0
-3.68398
3.43716
2.83795
1
-1.42898
-3.14419
-1.91679
2
-2.87718
-5.49804
1.55818
3
5.79983
0.84477
2.34389
10
0.67733
-1.14449
6.00919
11
2.78304
-3.20683
-2.30628
12
-3.73226
-3.5551
0.0853
13
3.89549
-3.11334
-2.01524
14
-2.87993
2.85256
-2.70713
15
2.25801
-4.75123
-0.65446
16
-2.83817
5.02732
2.30003
17
-3.94647
4.42481
-0.56782
0
-0.55338
1.73065
4.89562
1
1.24625
-1.71796
-4.148
10
-1.45174
-0.10445
5.2157
11
2.43635
-2.62106
-3.72424
12
-5.16656
0.08842
-3.75683
13
4.34073
-2.96181
-2.89631
14
-2.22719
4.38903
-1.37772
15
2.6307
-3.70982
0.53865
0
-4.49809
3.88461
2.47095
1
0.70506
-1.0894
-4.71152
10
1.84891
-2.7906
4.94543
11
2.3602
-2.72079
-4.7134
14
-2.60783
4.24076
-2.63226
15
3.68214
-5.02206
1.28718
0
-1.68362
0.21664
2.77111
1
0.07369
-2.87686
-4.39033
10
1.60911
-0.01448
6.19341
11
-0.99453
-6.13906
-0.19376
14
-1.68562
5.09981
-1.82791
15
3.29638
-3.82035
1.27832
0
-1.83034
0.12378
6.1051
1
1.65285
-0.81333
-4.86574
10
1.75933
-1.05619
4.62943
11
3.00996
-1.81395
-3.86155
14
-1.66665
3.67495
-1.79814
15
3.60535
-2.92444
0.95444
0
-0.45382
0.75787
6.36528
1
2.44368
-0.21707
-4.73911
10
0.11386
-2.7242
5.80289
11
3.66293
-2.55587
-4.36165
14
-2.11656
0.83586
-4.63561
15
1.71623
-4.33091
1.59069
0
-3.49557
4.37362
3.13842
1
2.59588
0.77147
-4.68255
10
2.64256
-0.9407
5.79424
11
3.34167
-3.83021
-1.11798
14
-4.64049
2.47306
-2.15891
15
0.59711
-5.98801
1.89591
0
-2.52973
-0.4421
1.61626
1
2.53019
1.6072
-5.23364
10
1.55021
-0.81166
3.42846
11
3.65602
-1.45664
-4.53407
0
-2.5612
3.66035
4.61732
1
1.66611
-2.51687
-5.46843
10
0.8006
-2.5611
4.82729
11
4.28768
-4.04728
-1.37383
10
-1.42979
-2.88018
5.53319
11
3.81704
-4.02663
-3.13871
