0.5
10
1
1
1
1
1
1
1
1
1
1
1
1
1
1
1
1
1
1
1
1
1
1
1
1
1
1
1
1
1
1
1
1
1
1
1
1
1
1
1
1
1
1
1
1
1
1
1
1
1
1
1
1
1
1
1
1
1
1
1
1
1
1
1
1
1
1
1
1
1
1
1
1
1
1
1
1
1
1
1
1
7.28969
0.26092
-2.08006
-1.40505
3.693
562
0
-4.77848
-1.43921
-1.17892
1
2.35395
3.15032
-2.88057
2
-0.22027
-3.85734
3.5584
3
5.00694
-3.8058
-1.10947
4
1.62217
-0.75077
3.70173
5
1.27567
2.36454
-1.92637
6
-3.95279
-0.40069
3.8572
7
-0.15228
3.93984
-4.41593
8
-4.85076
-2.333
-3.26461
9
-1.23387
0.57916
5.27384
10
-4.77848
-1.43921
-1.17892
11
2.35395
3.15032
-2.88057
12
-0.22027
-3.85734
3.5584
13
5.00694
-3.8058
-1.10947
14
1.62217
-0.75077
3.70173
15
1.27567
2.36454
-1.92637
16
-3.95279
-0.40069
3.8572
17
-0.15228
3.93984
-4.41593
18
-4.85076
-2.333
-3.26461
19
-1.23387
0.57916
5.27384
0
-5.06351430056
-0.922619176102
-0.371523339014
1
2.79830555805
3.8735130905
-2.35185467785
2
0.00872685364312
-3.72438829823
4.52270507933
3
4.72452076254
-3.24762816935
-0.329288237985
4
2.06584569941
-0.550285156284
2.82825550055
5
0.832923211422
2.62329471791
-1.06787056659
6
-4.1316558115
-0.343719078112
4.83942265069
7
-0.188134767193
4.22967147359
-3.4595241486
8
-4.16531556366
-2.79909820263
-2.70521891124
9
-0.983748889454
0.623319085465
4.3066329874
10
-4.33318222178
-1.8768389169
-0.397772882098
11
2.05596579397
3.2557557149
-3.82930005802
12
-0.428207886359
-4.4168120286
2.75605787557
13
5.8225913039
-3.27073459904
-0.889429169379
14
1.49470148273
0.0932444438073
4.22268239298
15
0.574024709806
2.22083328862
-2.62425413641
16
-3.28189646516
-0.500207996448
3.12235441534
17
-0.552512214812
3.62537133756
-5.27669921098
18
-5.51608835368
-1.88646234407
-2.66632720431
19
-1.29518356886
0.824628118082
6.24130371988
0
-5.70023286293
-1.44337994374
0.197157322885
1
2.4984574262
4.17540382689
-1.44689441292
2
0.479826174748
-4.56696999598
4.26170409798
3
4.21170700428
-3.13687066379
0.522037096005
4
2.73275790013
-0.701341435191
3.55791988719
5
1.29280942187
2.04347643969
-0.395326562328
6
-3.31530166937
-0.779711405266
5.21820570903
7
-0.380673909667
5.20366615891
-3.57895208327
8
-4.55512733523
-3.19649244842
-1.87448153025
9
-0.658540946187
0.916115088486
3.40746098258
10
-5.04827855606
-2.37369050162
-0.889479843075
11
2.34920531119
4.0609724735
-4.34469947324
12
-1.15379720749
-4.54947694924
3.43127647417
13
5.78176589248
-2.89779017086
-1.81638425959
14
1.9588652262
0.585488579579
4.95905711419
15
-0.410325484692
2.09241229191
-2.50357794905
16
-3.25604276274
-1.30399772046
2.52800294891
17
-0.24405250573
2.96531059259
-4.59173759102
18
-5.46702588796
-2.65173257555
-2.02449050602
19
-0.643098957818
0.0800103456169
6.38388714446
0
-5.75763127422
-1.53493054101
-0.796987490772
1
2.6591479557
4.22291002379
-0.461033512492
2
0.497603913744
-4.51696865344
3.26311318187
3
4.10867459949
-3.71110596142
1.33421820051
4
2.98488303291
-1.63320560694
3.81880699464
5
0.834452121319
1.84340936552
0.470630567595
6
-2.48360860776
-0.861557064112
5.76737593711
7
0.15543461796
5.37555608182
-2.75248883484
8
-4.95374968011
-3.47799660343
-2.74732495085
9
-0.292011433698
0.0419709856343
3.08882607563
10
-4.2026963366
-2.89517757659
-0.775278526196
11
1.41753039404
3.82947737241
-4.62468494953
12
-0.983583129525
-4.0160208673
4.25980032797
13
4.83214727093
-2.68536455962
-2.04681827032
14
1.02108542719
0.828074868874
5.20749410987
15
-1.27739031777
2.21604477402
-2.98618916381
16
-2.59547768174
-1.93578320134
2.93359002947
17
0.327919556763
2.62933468128
-3.84342739682
18
-5.48072361607
-3.32157510553
-1.28211367633
19
-1.38022907135
-0.582773144025
6.51563402898
0
-5.58514142432
-1.22269908302
-1.73120308062
1
2.40897896746
4.71314900569
0.373880386029
2
0.574659291158
-5.51358245198
3.23441814089
3
4.08139047226
-3.69920774653
2.33377510679
4
2.22057591146
-2.16977546532
4.17647641069
5
1.81937906126
1.71391866385
0.585308730961
6
-2.38022570368
-0.900066673592
4.7734800748
7
0.188173059005
5.3829076334
-1.75305191879
8
-4.26099382501
-3.59601636504
-3.45877464063
9
-0.832697320782
0.123429223853
2.25155471763
10
-4.25411806895
-2.93988999626
0.222397074874
11
1.06265832606
3.01085262093
-5.07625923094
12
-0.619428522052
-4.9471706202
4.2785502488
13
5.4593681894
-2.70673763526
-2.82536634917
14
0.0421705223222
0.785524037089
5.40728158629
15
-2.17119294884
2.43126429689
-3.37963218848
16
-1.74747611747
-2.38552177436
2.65318217843
17
-0.62854080704
2.34653762799
-3.9156035641
18
-5.06867120111
-4.04564306703
-0.728996695521
19
-1.36222612479
-0.600355962964
5.51595070993
0
-5.00157873672
-0.725930582525
-2.37360143566
1
2.77503968272
5.63956582668
0.461922572145
2
0.596500911192
-5.55743152835
2.23561876056
3
3.50700888223
-3.16508853461
2.95409958356
4
2.20580637131
-2.33555599552
5.1625284765
5
1.41867649951
1.73588014256
1.50125368043
6
-2.62989445854
-1.11972430267
3.83039151118
7
-0.471879092494
5.94157837017
-1.25083865216
8
-4.54295736428
-2.10564506286
-2.09161528236
9
0.205400050309
-0.809327050941
2.9218725836
10
-5.06569207672
-3.52392382154
0.206518761774
11
0.45553987245
3.62141039827
-5.58481245709
12
-0.801452079875
-5.53120171596
3.4874907671
13
5.1822797546
-1.91368027617
-3.36784402105
14
0.337431725278
1.52854250575
6.00790158034
15
-2.34059083995
1.95286462765
-4.24128067305
16
-1.29361010374
-2.12631190397
3.50571715406
17
-0.925892421218
3.2163745435
-3.52194666024
18
-5.52420631769
-1.3894986811
-3.53406058291
19
0.167001535487
-0.45416725281
6.14224384519
0
-4.65611413405
0.188002140628
-2.58663003903
1
2.12237311578
6.04054811595
1.10475968688
2
1.2947458959
-5.26765180686
1.58103365964
3
4.10749518569
-2.43748767385
3.28578194182
4
1.41209547307
-2.02680715891
5.68664408007
5
2.20808144177
1.32079216563
1.95351666648
6
-2.33594127285
-1.80708096202
5.47723990575
7
-1.12648932572
5.66725638654
-0.546400654992
8
-4.68193986696
-4.16461673626
-1.65848628704
9
0.393347484679
0.192297117193
2.3763057551
10
-4.33055034858
-3.9745445895
0.71298451878
11
0.461828170745
2.72866678043
-6.03533358879
12
-1.68878399316
-5.56599406748
3.02767388186
13
4.84893216495
-1.4869255925
-2.52715393283
14
-0.567648778971
1.93469598437
6.13387234137
15
-1.69451435821
1.44730571454
-3.66944558746
16
-2.41639805452
-1.8516728095
1.95335744019
17
-1.25272983575
3.13985359321
-5.80011854883
18
-4.28051483043
-2.61341579603
-4.03674174259
19
-0.925543196655
-0.375356767461
4.64492638059
0
-4.65499231292
0.407263222403
-1.61096446132
1
1.38361915056
5.51599490002
0.681573554624
2
2.24655399241
-4.96099742861
1.57609000657
3
4.81549160774
-3.12456271983
3.44908824158
4
1.78672158766
-1.11399292707
5.52408500643
5
3.03707877752
1.68290535923
2.37970612241
6
-2.06561885147
-1.87053276802
4.51656323964
7
-0.489970696761
4.96204216683
-0.858677678323
8
-3.86487841177
-4.18001416453
-2.23483123379
9
-1.50082300152
1.44433909406
3.30003501184
10
-3.81002670155
-3.55821183514
1.45845227162
11
1.43052662701
2.48288253503
-6.00049961765
12
-2.31094850385
-4.95665674011
3.51922178706
13
4.66083143818
-1.60441026719
-1.55205626192
14
-0.574425511887
1.54019566162
5.21500152823
15
-2.31603151308
1.29014135581
-2.90197194586
16
-1.44932692668
-3.10322963883
3.3594844273
17
1.27737222814
2.36059422352
-4.00565622035
18
-4.85259065141
-1.6917247032
-4.21051592391
19
-1.06779654694
-0.381632784911
3.65511599676
0
-4.70315744317
0.315968528698
-0.616306027922
1
0.700874489308
5.15848271252
1.31878997259
2
2.88858469494
-4.48507978393
0.975008504204
3
3.56673598338
-2.83793381831
4.02552674275
4
1.26798694167
-2.99209428063
5.46880582855
5
3.92303740813
1.27915397389
2.15153486288
6
-4.75179716223
-0.696213721377
3.33350802488
7
-0.844768816679
5.52037037097
-2.07760166234
8
-3.74737658688
-4.54862819405
-1.31270487673
9
-1.57039187338
1.44417421553
4.29761214915
10
-4.05535598851
-3.84838210586
2.38344673374
11
2.12594597494
2.05958969847
-5.41979736602
12
-1.10474311808
-3.87333218646
5.24212420406
13
4.89772531006
-4.00381230908
-2.08356613332
14
1.41001302641
1.15440949162
4.34595999182
15
-1.62756959054
1.39942701666
-4.6660528463
16
-4.15085745638
-1.73472051906
2.41059539033
17
2.14590717483
1.92320090221
-3.77255939746
18
-3.94654773436
-1.93179970519
-3.38569221802
19
-1.98681193597
1.50404629397
5.99627077497
0
-6.17901085567
-0.910771233169
0.895082530258
1
1.00377771559
5.38603846325
2.24424554463
2
3.17834874573
-4.22636955032
1.89647787966
3
3.23907765018
-3.78272305496
4.02187777047
4
2.28026944182
-3.09119832298
3.79252771644
5
3.66691340027
2.20442703966
2.95531318006
6
-3.86506898012
0.616963976996
4.76183702725
7
0.302398371426
4.83372176903
-4.20867694955
10
-4.20073715274
-0.673514714443
-0.8962117898
11
2.03733971462
2.69560521879
-4.65322500248
12
-1.05945656137
-3.04217016581
4.47394521711
13
5.73420880116
-2.99402529893
0.0674514378249
14
1.91890134232
0.516831157876
5.95589664312
15
-1.09595176289
2.71107394625
-2.13646793339
16
-3.43319406482
-0.609735300393
1.83042348516
17
-1.56602229909
3.56057389664
-4.20879492933
18
-3.28239867851
-2.57100029837
-4.08107088461
19
0.720033951718
-1.24833507764
6.39414186543
0
-5.23801256841
-0.0459620433092
-3.36551062855
1
3.00841061905
4.17317154107
-3.28247848818
2
2.0323933833
-4.75962897706
2.53190692431
3
4.42225370643
-4.4765295351
0.77226188855
4
0.549690606037
-2.38944542055
6.03984563232
5
3.53669153624
2.27480730544
3.94429694349
6
-3.19221272773
0.227988675698
4.01932752893
7
-0.634530076864
4.44203066284
-1.70051532381
10
-4.14959950885
-3.192643377
3.132529425
11
1.23886907197
3.43140286679
-3.28020896819
12
-1.03401565472
-2.68397567142
5.40724552486
13
5.67450780018
-2.40183064032
0.871031724286
14
-0.263031574879
2.87110539633
5.95967196205
15
-1.24903803149
1.50511845107
-5.58558706507
16
-3.45958590442
-1.44184036726
1.27643374835
17
0.486616102612
1.66185883767
-4.04041952448
18
-3.1932255425
-1.47235586896
-3.85624193547
19
-2.49963209615
1.05685660275
5.26344278466
0
-6.2407712081
-0.473307610895
-1.82373420044
1
1.01472590548
5.23170535129
-0.203354253856
2
0.689084465446
-6.38348424454
1.67968243726
3
4.51089976679
-1.68915941165
2.75921802743
4
3.48620245784
-0.19266728122
3.14130027226
5
2.83480859777
2.98101943201
3.85142728769
6
-4.37149418318
-1.31396114732
4.87270752129
7
-0.670564862984
3.86030813169
-2.66527486511
10
-3.89076800013
-2.37288402344
0.961640576218
11
1.83396433332
4.12517497631
-2.87457133437
12
-1.05623335767
-1.70078351442
5.22602864901
13
5.69029044994
-1.94449531517
-0.0181225414874
14
1.97067757284
1.93317056512
4.06455910912
15
-1.17825295473
2.41814278759
-1.18388310771
16
-3.96210231474
-1.31076645626
3.29639133135
17
0.195544796755
1.39786197588
-4.95997547812
18
-2.61039116052
-1.99943968523
-4.55194704803
19
-0.00513281850234
-0.0473691479328
4.43216158739
0
-5.0195024188
-0.534537506381
0.549050162609
1
3.70562534363
5.56313066681
0.819928150388
2
1.65684765039
-4.21946134779
3.28502333947
3
5.15539249272
-1.44680594064
2.03403258817
4
3.57177895984
-1.66254702482
4.62793754786
5
2.4375041898
0.449693494822
1.51929056362
6
-5.07384568009
-0.267675684231
2.48932800683
7
-1.55673883369
5.25196006602
-1.42871445868
10
-3.55984583578
-2.6571120182
2.52804884728
11
2.33037364585
1.0835114689
-5.49382855632
12
-0.70016932906
-5.06012172423
2.04038364159
13
5.04209989152
-0.732739856922
-1.85999304496
14
2.62457090128
-0.0566658621887
5.3391539796
15
-2.11745535746
0.635400075078
-4.24620195859
16
-3.34199282066
0.08019903779
1.11231977255
17
1.03634768238
0.9506800089
-4.6548873008
18
-4.19675447316
-1.00465793665
-3.89775696622
19
-0.608460356089
-1.08554870759
6.13820487578
0
-6.23353999251
-0.930919745811
1.89339140564
1
0.406223110123
5.83578014234
0.644661827271
2
-0.0107470614023
-6.23709644106
0.980535496325
3
5.35021210545
-2.76748163571
2.68321156176
4
0.973107837323
-0.75360568083
5.06784636491
5
0.329851632478
3.01559051683
-0.297790705401
6
-5.00382661351
-0.430602618783
4.35799836538
7
-1.72080759141
5.21428908004
0.118134083231
10
-4.0366555221
-4.75878170683
0.166543328178
11
0.62313678472
3.38613915969
-2.4935546939
12
-1.36509992865
-5.99209470026
2.18288581546
13
5.20369974342
-1.26819096704
0.534907216321
14
2.14347196759
1.51449847275
3.17301226447
15
-2.6979219714
0.525459699217
-3.42103036447
16
-4.40333891808
-0.464329922871
1.63631980185
17
-0.540710801828
2.4376992992
-5.79724753316
18
-3.28437606172
-2.56248431339
-5.08103266786
19
-2.95764294392
0.559768209367
6.00041577771
0
-5.97429298406
0.0765046598218
-2.70000852024
1
1.90125601291
3.87156600924
0.0886547505161
2
2.05821403866
-4.70256736023
4.06317088532
3
3.03585374467
-2.39189224154
2.5296230486
4
1.27327292853
-2.97911737991
4.46890400417
5
1.1385957288
2.01788014
2.41887602286
6
-2.57101184855
0.648014298184
3.35774764398
7
1.09242128945
5.71609710383
-2.83051312447
10
-4.42849622909
-2.82130166106
4.0181489536
11
2.92894466628
2.34569190121
-3.02874137506
12
0.181215157584
-3.43713192214
2.74462187327
13
4.86855274967
-1.00588785446
-3.64621119847
14
-0.540712374418
2.81941898857
5.00038999682
15
-3.04913606127
2.27693256755
-2.92642405898
16
-3.96398735305
0.435003075839
0.414296208291
17
2.73937145163
1.12104323837
-3.70665617685
18
-3.71062229268
-0.25001083496
-3.45709467488
19
-2.7491917987
1.63917562366
4.48973449807
0
-5.44294850723
-2.35374440974
0.521258077816
1
1.25714253371
4.33144956206
1.23766025656
2
0.896834571711
-6.47654415718
0.635629175014
3
4.84117822354
-2.36584278007
1.79603956137
4
3.06219030648
-1.20475814805
5.356462598
5
3.63130018264
3.58222873727
3.78701823161
6
-3.01572584523
-2.07977073244
4.79640716251
7
0.421210542821
4.43157553383
-2.55687727385
10
-5.14256740319
-3.87425648181
1.28793721116
11
3.44699686261
3.20103288862
-3.0324450398
12
-2.57688228045
-4.06083486243
3.16315663863
13
5.22741776794
-1.14393150851
-0.457059034254
14
2.73662310738
0.709906903344
3.20136948222
15
-2.17117384339
2.49363378728
-2.38157906048
16
-1.45210064454
-3.35568947513
2.39188102841
17
-1.09300203723
2.57610897945
-4.97516654463
18
-4.79151743642
-0.463814846841
-4.49252227266
19
-2.61461545053
2.46268469021
3.93862468703
0
-5.4918884627
0.877030058182
-2.34441751311
1
2.12710661509
5.53049699998
-0.291925377322
2
2.27635430373
-3.61054173485
2.78961602074
3
5.23130879379
-3.9283347587
0.199677196238
4
2.50397231615
-1.44805811329
2.7829919903
5
2.87378550414
3.16590283675
4.83341452153
6
-1.97632592067
-0.0102564257856
4.56110613998
7
2.02445359185
5.77778496008
-2.47342714648
10
-2.90709898166
-3.45173672263
1.87484701591
11
2.53297981564
0.302864723888
-4.90260829325
12
-2.34027168537
-3.4549112939
3.92267757672
13
5.76802858829
-0.7074818716
-2.54729906225
14
2.59868118776
0.0263535851655
4.34294240865
15
-3.18967446259
0.579544075434
-2.55197664481
16
-4.48716846889
-1.57343906633
1.48275747567
17
3.54673875847
1.70003014935
-3.59293639514
18
-3.53002293544
-1.60882682149
-5.25479975783
19
-3.54773055641
2.24062602169
4.2214429094
0
-5.98844819179
-1.14629968336
2.83866464219
1
2.84856287822
6.05441379259
-0.744707946356
2
2.61718214589
-5.6944513925
2.14589703944
3
4.28762091505
-4.33214256991
-0.208057659234
4
3.80073725003
-1.12546009682
3.31727023465
5
0.229455864689
2.16225714517
1.2002301995
6
-4.53470585022
0.350815240301
3.54637236759
7
-1.64365959612
3.65559467678
-2.77100585266
10
-3.1569902406
-3.5916520964
0.701864451469
11
3.45292867645
0.371759266579
-5.28854563984
12
-0.143457263242
-3.79212264317
5.50543868404
13
5.5644385664
-0.202658435343
-0.477601262439
14
3.34173230933
0.639647871972
5.36790634333
15
-2.2999554962
2.68970689404
-1.40948306589
16
-2.322505225
-0.727275917272
2.9549966918
17
3.22065324546
0.503846529906
-3.08421255851
18
-4.78893409881
0.48722361702
-4.18346052054
19
-2.92200940588
2.46883192338
5.0205871132
0
-5.54080254346
0.159238379331
1.04596182521
1
2.27185070098
5.14409719517
1.52193135195
2
2.1173295947
-4.09114894682
4.85226712456
3
5.89418398175
-2.1110600645
2.1478464479
4
1.72047925211
-1.38859895367
4.55019634452
5
3.57440857928
2.09351880737
4.92700336207
6
-2.54719654212
0.633685144353
2.35813396534
7
-2.63292050129
3.74650782143
-2.65656083693
10
-4.26492783945
-1.3627524768
0.457245522029
11
3.42552952933
0.460116118051
-4.29283365662
12
-2.22397565366
-4.75224803349
2.53275617888
13
4.4389517195
-1.95092984438
-4.03573315998
14
-0.166296549502
3.41143066298
4.2867129218
15
-2.73693217595
3.22357694744
-3.60806115051
16
-3.00893840634
0.208869237706
0.178232658433
17
-0.636178350672
4.79566342838
-4.59871032075
18
-3.82300555432
-0.216595693124
-4.46307020543
19
-3.01175709872
1.66684756705
3.48154506084
0
-5.62398716241
1.81752527153
-2.65749687559
1
1.95471750432
4.08052185609
1.90879693918
2
3.29545552503
-5.69857036241
1.41109893299
3
4.98320313337
-0.855444444537
3.04531046623
4
3.42022775507
-0.778437514067
2.33351281699
5
4.1825552714
0.351500528129
1.88300262419
6
-3.72197909063
0.877199154837
3.29658207802
7
-0.852515369712
4.57003082112
-0.0131669066854
10
-3.66620362621
-3.67630470737
3.86218697355
11
4.1607803536
-0.208142787321
-4.17953643334
12
-0.121571392115
-1.66794468379
4.87201082268
13
5.9841732728
-1.76140216367
-0.956264206857
14
-0.905599436376
2.89437671908
3.85533552257
15
-1.13491544452
2.55500759031
-0.194241816139
16
-0.440204127778
-1.73991021149
3.85556279465
17
0.22767758301
1.14214754185
-5.92619367929
18
-2.60617780012
-2.00984620267
-5.55188402204
19
-3.70501956168
2.56726948326
3.28947498193
0
-5.04538778803
2.0627876976
-1.87963499433
1
2.63128074687
5.61639321493
-1.61701892814
2
1.43598206752
-3.86896240968
2.31317792462
3
5.03043384429
-3.16072090501
1.09572475269
4
0.998259944005
-2.60308724669
3.5840485373
5
3.8843996983
1.20118757655
3.14774185355
6
-3.6647727246
0.826947032464
2.29948521417
7
1.30679409746
5.54884017139
-1.81574246988
10
-5.98572854855
-2.55089125858
-0.589834380407
11
2.78294601347
0.259640056855
-6.02240701239
12
-1.71378211658
-6.16623203319
1.26196403751
13
4.60657526719
-0.508246248502
-2.81933718709
14
-0.707451506228
3.80486797223
5.03338033644
15
-3.3320909064
2.00878756064
-4.1238062341
16
-3.78980358119
1.1749666093
-0.235406787524
17
4.14023979602
1.416147475
-4.34604139821
18
-2.33929239771
-1.05575673291
-5.68784528739
19
-4.15152777688
1.78878781514
4.87815529063
0
-4.87572624431
0.918512845633
0.162898922655
1
-0.250934877206
5.18148542929
1.62461640185
2
1.68604193597
-5.94692490262
0.32473501073
3
5.724809006
-0.338302371689
2.61801103237
4
3.55930985405
-1.00365868184
1.36918320771
5
0.754794272412
2.97453285849
1.45366208959
10
-3.64016230104
-3.88501644489
-0.123048949468
11
3.32348017445
2.12220847958
-2.1374519198
12
-0.820293385624
-5.69807671251
1.27973678268
13
5.79960621513
-1.62656494654
-1.92979074789
14
-0.501637356322
3.0398005214
2.95219292276
15
-3.585157447
0.398306059093
-1.65156230103
16
-3.15854344168
1.45098466445
-0.960199633441
17
-0.114337210064
0.296638934301
-6.33624376877
0
-5.52897386541
0.10172753733
-1.23307004346
1
1.71391172682
6.35153061934
-0.685846410254
2
1.68632117252
-6.01415092833
-0.673002722091
3
6.13363215947
-0.438366708051
1.7108998166
4
0.806765740519
-1.18183967519
4.08811688998
5
4.38049062519
0.551615077721
3.72389232089
10
-3.26869803303
-4.98685707523
-0.431973940828
11
2.00780784417
3.23714392845
-1.94641411718
12
-2.12620447772
-3.36659744347
4.89549610781
13
4.99396338438
0.492240434157
-0.0397957943783
14
0.413773088579
1.08028240547
4.39080596573
15
-1.59605582614
3.39793026763
-1.46375006852
16
-0.425498971333
-2.40719689274
3.11090700611
17
4.46687843757
2.3536636733
-4.22616406189
0
-6.09848113928
0.661479843294
1.70683102229
1
0.425532983059
5.05284279092
2.98896943524
2
-0.224460068323
-6.20624415291
0.00412631622239
3
3.48598272812
-4.91092658452
-0.0584405422493
4
0.481735707375
-1.81065352633
3.25962364337
5
3.11614983515
1.82331938424
1.39277569456
10
-4.05410442265
-0.711417730912
-1.88467635862
11
1.51198432555
0.630603944233
-5.8475426987
12
-2.23177669035
-6.26175475341
0.411930490249
13
5.45730725343
-0.212061423149
-3.49387035938
14
-1.03035163468
2.31133400493
2.51653509116
15
-1.7940344463
3.48216749978
-0.487170038677
16
-3.48767220319
1.61081417329
-1.89086003684
17
0.507746018173
-0.38470565557
-5.95052106137
0
-4.49892495421
1.52570374781
-1.23704709985
1
4.10329532382
5.03402103685
0.0703271989879
2
0.313815798234
-6.39440378639
-0.817369297772
3
5.89730335859
0.277405669693
1.05377075688
4
4.34947172652
-1.08560148055
4.15231620046
5
1.28236435514
3.10286109503
2.29342495583
10
-3.37042071222
-2.72105400497
3.86511329617
11
3.74257751076
1.26573331928
-1.83610872262
12
-3.14300320954
-4.44628114768
2.28421520374
13
4.26163793303
-2.18946082061
-3.0809228152
14
0.548380635269
2.63465607359
5.42516102391
15
1.55606656121
2.36625044024
-2.88625272349
16
-5.48280791362
-1.62249403235
1.40341198803
17
-1.41184035918
4.23423547887
-4.93157290495
0
-5.10539684649
2.11290155938
-0.70095888514
1
0.469596835412
5.94218257365
-0.648389548493
2
0.316784906705
-6.45761912541
-1.8153647914
3
3.61091884786
-2.30942732714
1.71568222459
4
3.66537419222
-0.289782794217
0.676989901441
5
2.74881671294
2.63518239697
2.91708145186
10
-5.07372141045
-3.14279172279
2.75369763705
11
4.56264455983
1.05366713521
-2.36763291642
12
-2.7357815029
-6.05560983469
-0.426808695323
13
6.19280421671
0.0515376560619
-1.2128161675
14
-0.391359898136
4.03212490739
3.00815000624
15
-0.243731228141
2.68774910947
-1.61380541116
16
-3.14033236601
1.90708796849
-0.0704591472498
17
4.36879985615
1.93543864441
-3.07447868989
0
-6.58783234458
-0.98099529914
-0.734362171751
1
-0.849488418954
4.84098248843
2.34973115479
2
3.85133222987
-4.96008189471
1.80288607575
3
5.44386005873
0.426811900115
2.0386425485
10
-5.66450180578
-2.9675932292
1.96611652229
11
3.15395044975
2.02989091915
-1.15626022575
12
-1.90607051538
-5.04717025967
1.63166949961
13
4.18453619152
-0.135120106566
-1.99310483429
14
-0.0612254296392
2.35772269131
2.27437297917
15
-3.64247514203
0.215960545574
-0.669999875338
16
-3.0589703637
1.0575615189
0.704747819736
17
1.31800911855
-0.468019125344
-6.53063533798
0
-6.42099963718
-0.213743732926
0.220105424328
1
4.88266710781
4.41247463805
0.149445442523
2
3.23261058564
-4.35168333901
2.88711005513
3
6.17243487927
-1.58064514462
1.34707403904
10
-4.09158733352
-4.88166836616
1.15744259907
11
5.17260363533
0.96034338434
-3.15455133897
12
-1.96596694926
-5.48108304973
-0.153663774761
13
4.2983380904
-1.43141097214
-0.224322035111
14
-0.00770178642192
4.45067484008
4.72795633759
15
-2.42941811834
3.06261987241
-4.54589265156
16
-2.36497933698
2.42436794151
0.291824042941
17
3.5202262636
2.27854118952
-4.53954286454
0
-5.60337569984
1.31529834275
1.13464925605
1
0.354857556483
6.26742099325
1.54524372567
2
2.39193183982
-6.05539568808
1.02470181876
3
6.53765706437
-0.597841677361
0.810160336856
10
-2.63399750971
-4.27600265761
1.37886188059
11
5.35093947594
0.652860650282
-1.90078681022
12
-2.26045502505
-4.42655732902
4.36565254203
13
3.62008801024
-1.89109359264
-4.60659378101
14
2.88966914467
1.51404740709
5.54415715366
15
-4.09811649685
1.52102525473
-3.7051264905
16
-1.67100971458
1.870611517
0.751997907375
17
1.3676729252
-0.791405472222
-5.58567249375
0
-6.210707273
1.08120984639
0.375471453353
1
3.71932173143
4.31389539694
-0.507585721007
2
1.53890015924
-5.46577484298
3.49509798447
3
3.75182972871
-4.70777360815
-1.00080684071
10
-3.15210712144
-5.18296470555
0.994355361784
11
3.50684049125
3.41177211092
-4.00815386947
12
-2.98739150063
-5.33942340186
2.80186829562
13
4.86032000451
0.183450557334
0.90189856102
14
0.590545097788
2.53261236881
4.43127509463
15
-0.930744686446
3.49267682615
0.0869888822353
16
-3.38673854929
1.68328498327
1.41258831212
17
-0.0680096316302
0.283976730592
-5.33739772254
0
-5.09271457128
2.18214140847
0.296560539831
1
-1.19859031416
5.50039765953
1.64024209271
10
-5.68239626752
-2.05349927248
2.37122394821
11
4.33857344286
-0.55704275139
-5.09967687506
12
-2.71688027647
-5.71472123004
1.91531586188
13
4.94970901963
1.45626433794
-0.301901620577
14
-2.00646228649
2.12244425884
2.4091634969
15
-0.608102730771
2.87637975055
0.805376022329
0
-4.61616044144
1.18375894285
1.22466825323
1
-0.544045047691
5.52544187303
0.670749886781
10
-3.4566341505
-3.24614412058
4.74027723339
11
1.52575018405
4.21706364502
-1.92770254158
14
0.0652110365
4.10385857471
2.12135957856
15
-1.44157142031
0.997701953009
-6.42550336547
0
-4.99286601249
1.50084936465
2.09503976996
1
1.83751240028
2.89146495498
0.276640588479
10
-5.34735075066
-2.20767457433
3.30072622251
11
2.48899302521
2.57109245141
-0.641544260365
14
1.12141870919
0.890871089274
6.42930511323
15
-3.44688358146
3.92460308164
-3.54074576604
0
-4.2185763111
1.74496271504
2.67889260287
1
-1.99414014986
6.1031128041
1.70216877047
10
-4.5743479814
-3.03044552496
1.89462574821
11
4.25122339832
2.44252538586
-1.94590665072
14
0.430026429862
1.04530666471
3.39154997928
15
-4.20376005053
1.43204652878
-2.71471131195
0
-5.2779505206
1.63455092082
3.0441713294
1
2.80208558966
2.67197387666
0.423003933802
10
-3.54862763672
-4.5318433523
3.35797519887
11
2.4419333931
-0.672078441638
-5.10557718973
14
-0.00548596052365
2.22125066233
3.26344754506
15
-2.14885844447
0.629343051778
-5.24569040704
0
-5.27844585735
2.26051252258
1.27603073225
1
3.0907571328
4.80386048984
-2.13066292171
10
-2.75754936865
-5.14458901265
-1.27686901054
11
1.56490688747
4.73959806951
-1.07598396846
14
2.13499188306
2.21998094805
5.00834966412
15
-0.582263254294
3.73382443392
1.3193029981
0
-6.30496414892
0.288326242311
-0.636901871691
1
4.16712041667
4.29987352972
-1.40161017523
10
-3.09342053718
-4.90048009255
-2.18659500955
11
6.30327747794
0.629549758358
-2.20493962094
0
-5.44165205204
2.37914216517
2.25546462278
1
4.44584772792
3.3830442937
-1.68750392813
10
-3.21417631407
-4.85835813753
-3.17838318414
11
3.66815399292
0.897012116902
-0.909552833904
10
-2.28364625796
-6.01098416081
-1.43427069072
11
3.33070948353
0.852088728753
0.0307200479142
