0.25
10
1
1
1
1
1
1
1
1
1
1
1
1
1
1
1
1
1
1
1
1
1
1
1
1
1
1
1
1
1
1
1
1
1
1
1
1
1
1
1
1
1
1
1
1
1
1
1
1
1
1
1
1
1
1
1
1
1
1
1
1
1
1
1
1
1
1
1
1
1
1
1
1
1
1
1
1
1
1
1
1
3.68362
-0.55963
-0.56233
-0.38814
1.866
562
0
-2.55831
-1.54177
-0.03363
1
1.51356
-1.30453
1.81379
2
1.86281
-1.10865
2.01822
3
2.27076
-1.65642
1.46133
4
1.3944
-2.1256
-0.79285
5
-2.37147
1.40368
0.31644
6
-2.14665
0.87256
-2.01145
7
-0.19419
2.16857
-2.16557
8
1.00636
-2.18295
0.45918
9
2.04442
-1.56622
1.77169
10
-2.55831
-1.54177
-0.03363
11
1.51356
-1.30453
1.81379
12
1.86281
-1.10865
2.01822
13
2.27076
-1.65642
1.46133
14
1.3944
-2.1256
-0.79285
15
-2.37147
1.40368
0.31644
16
-2.14665
0.87256
-2.01145
17
-0.19419
2.16857
-2.16557
18
1.00636
-2.18295
0.45918
19
2.04442
-1.56622
1.77169
0
-2.5365203029
-1.51741713594
-0.53256100436
1
1.34681310512
-1.07668706188
2.22644369088
2
2.26794180431
-0.828087025532
1.93364672709
3
2.35352995249
-1.34877011816
1.07597213363
4
1.25752642344
-2.09243494182
-1.2726058785
5
-1.92948911582
1.29730646898
0.524616775648
6
-2.32809342262
1.17050148786
-1.65324732804
7
-0.123753895996
2.23396471702
-1.6748946631
8
0.897321729457
-2.43017421649
0.0384772042656
9
1.73758763562
-1.83611008631
2.05981018583
10
-2.55379975721
-1.68168830042
0.446372632199
11
1.36694200839
-1.26789668916
1.33717572716
12
1.88228193104
-0.887536148484
2.46624846848
13
2.03149017883
-2.02044998625
1.21590766649
14
1.5716687127
-1.9267276771
-0.369735827841
15
-2.5149913259
1.06764160382
0.657731408194
16
-2.09601826332
0.63969102002
-1.57189515086
17
-0.00692545084085
1.71515891844
-2.06887263838
18
1.43211409351
-2.41394134032
0.335178175198
19
1.9422483355
-1.20125790385
1.44555564219
0
-3.01055031301
-1.42626028822
-0.402230736848
1
0.85173787271
-1.09519168276
2.29395734329
2
2.65132153501
-0.539677348815
1.7927927585
3
2.76948865804
-1.5190535031
0.856924366964
4
0.782190369825
-2.22451018884
-1.19129311655
5
-1.74202917213
1.21502409901
0.0684497217044
6
-2.49874605617
1.30892631855
-1.20411901128
7
0.106212939155
2.51211336057
-1.32884757552
8
0.631838689448
-2.41166065941
-0.384814661557
9
1.35877231269
-1.96142689198
1.75848868091
10
-2.36702531229
-1.29321869549
0.6997629887
11
1.03738209558
-1.41416087876
1.68358163172
12
1.72555271171
-0.448472186631
2.64696589766
13
2.27113333687
-2.18064862642
0.807364458867
14
1.82281487424
-1.56972121745
-0.125867024363
15
-2.43080424143
0.865331980018
1.10715698705
16
-2.57048067636
0.526063371767
-1.68132172977
17
-0.305848319805
1.5855077196
-2.44812939185
18
1.3655506438
-2.39746135437
0.830453570533
19
1.84617569081
-1.06474705621
0.974243818211
0
-3.16190202859
-1.08418944378
-0.0704473804575
1
0.929196271012
-1.10938701536
2.78771709162
2
2.63325098012
-0.477315263116
1.29702625569
3
2.89439867768
-1.61427160294
0.382233941046
4
0.721815581159
-2.47665914043
-1.61881597104
5
-1.48596199912
1.54300410914
-0.208784323584
6
-2.66566241449
1.4867770041
-0.767646717804
7
-0.153696885342
2.35017865117
-0.933595715284
8
1.01471156472
-2.68539182667
-0.553573689325
9
1.09570280353
-1.95411887459
1.33335220137
10
-2.2594229315
-1.59584254659
1.0829607606
11
0.637415719424
-1.71328590632
1.66010577537
12
2.02326393619
-0.460611429975
2.24544296483
13
2.2689572629
-2.17602927918
0.307390533214
14
1.60818690239
-1.42745598868
0.302730033939
15
-1.99445886435
0.886887496697
1.35034019288
16
-2.68823342111
0.569735365287
-1.19735163969
17
-0.251218378905
1.3012563527
-2.85582625224
18
1.77076483385
-2.67539335287
0.922948242751
19
1.7474334907
-0.652792435246
1.23984383362
0
-2.7855307827
-0.76359520155
-0.14503971998
1
0.602515080798
-1.00039087955
3.15020742575
2
2.4903238121
-0.197707400122
0.907935947927
3
2.78605912373
-1.55981645069
-0.102840462982
4
1.20688729869
-2.53559795525
-1.72479542641
5
-1.42002781608
1.90091642743
0.134073454396
6
-2.48304698027
1.35628688646
-0.320853776516
7
-0.390985545015
1.98623613765
-1.18106276126
8
1.07689554777
-2.76162375352
-1.0438000101
9
0.813989010238
-2.2762033461
1.07470392304
10
-1.81970945441
-1.39536629676
1.21126248047
11
0.455606175662
-1.81025862657
1.20453845727
12
1.9128896
-0.0568308382694
1.97198594869
13
2.51739003456
-2.24397070642
-0.121171154795
14
1.51787839991
-1.526341181
0.784462421389
15
-2.17598904891
0.857046258218
1.81526630807
16
-3.04166332213
0.914296457664
-1.11757094854
17
-0.0803921196947
0.833600506438
-2.9018305849
18
1.82412725514
-2.70197491988
0.426515092881
19
1.47520620832
-0.243362220946
1.33072400939
0
-2.82867178647
-0.675818628968
0.345301107505
1
0.570268686819
-0.505172248857
3.21118838912
2
2.42646873882
-0.0327533682884
0.440268654867
3
2.36010298154
-1.69260760104
0.122831589589
4
1.35357443795
-2.05923320983
-1.76428608987
5
-1.81184626793
1.884360091
0.444241454871
6
-2.79264134313
1.01600751429
-0.124993419718
7
-0.794002543571
1.69158730267
-1.15350622084
8
1.01850400075
-2.88936066158
0.194882657385
9
1.63840113392
-2.36136662058
1.64960371488
10
-2.03374182233
-1.00974947145
1.44682523118
11
0.252818699482
-2.19852832784
0.963449513973
12
1.44861391497
0.116940046568
1.90678036708
13
2.04481754526
-2.34768880773
-0.247336910139
14
1.02937145847
-1.63040656895
0.761411104764
15
-1.69378648634
0.735822185802
1.86804331938
16
-2.91376176321
0.98180298649
-0.638943682504
17
-0.0593499272988
0.86581980732
-2.40331364157
18
1.75214170724
-2.05757555096
0.478655527515
19
1.8985007903
-0.466760756512
0.801014840159
0
-2.68322402924
-0.644181376382
0.82263121777
1
0.0953945201605
-0.410613630842
3.33590083276
2
2.43495484771
-0.147839728592
-0.046232234781
3
2.35674826886
-1.21430506739
0.268486772164
4
1.49800031482
-1.99195176994
-2.23822107902
5
-1.77674030142
1.91543853043
0.94203830271
6
-2.73064179684
0.630508233194
0.18733070765
7
-0.593829391328
1.99055240848
-1.92349956808
8
1.07575305733
-2.82595889893
0.687531378091
9
0.694172864769
-2.46162103074
1.52332890397
10
-2.07287322004
-0.903683912685
1.93387638964
11
0.115916668457
-2.40484836303
1.39783399457
12
1.27040831476
0.190065845839
2.36818624214
13
2.06385044294
-2.52077224771
-0.716037103875
14
1.13997870147
-1.14733425138
0.827797653032
15
-1.55080365682
0.975087534329
2.28314331149
16
-2.04945195299
0.756394448584
-2.48795614301
17
0.213439064786
1.21149685729
-2.16647288722
18
1.3501476348
-2.44332011441
-0.157181842755
19
1.40067519067
-0.512153212919
0.811464589095
0
-2.67927655555
-0.652238505036
1.32255071142
1
-0.0669917678706
-0.454752182384
2.86506914125
2
2.53235263162
-0.348712126324
-0.493629096102
3
2.39112221599
-0.936859700972
0.683025673125
4
1.18675901613
-1.61848149814
-2.12139295712
5
-1.70192106771
1.428024979
1.02468279527
6
-2.18003062041
1.4130405204
-0.833200281665
7
-1.25776667043
1.69116991484
-0.966630164516
8
0.952801400681
-2.87588900644
1.16959970778
9
0.805393263587
-2.40083649733
2.006997451
10
-1.72820267391
-0.761598284154
2.26706385759
11
-0.351490758524
-2.55424720161
1.30186376881
12
0.897077131731
0.292345093281
2.05170119775
13
1.64274593079
-2.72736645029
-0.889212810327
14
0.964881899837
-0.802421979027
1.14462037072
15
-1.08290345377
0.806687290161
2.23107837368
16
-1.99437587237
0.359993899646
-1.97368905974
17
0.332534580406
1.6708952922
-2.43330043449
18
1.21580120396
-1.87762789442
0.123155009965
19
1.65311473484
-0.0968017632556
0.570980001288
0
-2.72226009183
-0.791401403808
1.80086661458
1
0.140573024809
-0.757113666579
2.52522448598
2
2.70892605562
0.203206797976
1.11160446511
3
3.12643496453
-1.17644374195
0.449061523138
4
1.29561219805
-1.43529385641
-2.57371283586
5
-0.929999779146
1.98856865976
0.0872801943869
6
-1.96200490939
1.1754256753
-1.31272573863
7
0.282991930104
2.13263604567
-2.02063499212
8
0.553505646996
-2.75420598529
0.319420782006
9
0.372729339753
-2.19364593495
2.14797262567
10
-1.92074394972
-1.21185011992
2.3680645581
11
-0.31147093157
-2.06810675997
1.41170858868
12
0.649714258975
0.126840083938
2.45347190482
13
2.02714486286
-2.09217973128
-0.970911887346
14
2.11846625572
-1.47706231694
-0.518301208381
15
-0.842131021995
0.706816827025
2.65775685531
16
-2.68437717828
0.282052143859
-0.78842194708
17
0.242944066936
1.17280888766
-3.07616183433
18
2.04116270898
-1.69750802145
0.670536310154
19
1.79329081736
0.1319166731
1.42009924745
0
-2.45871302528
-1.91824129061
-0.821154186161
1
0.82166391691
-0.927344812568
1.82393289143
2
2.89239192365
-0.178527133089
0.548276040396
3
2.97576407741
-1.09812025496
-0.0737088065988
4
0.713460147569
-1.47701486961
-2.19869350069
5
-1.27991236122
1.88987773944
0.992124666096
6
-2.576397196
0.518552724664
-0.274918756626
7
-0.95242366026
2.15964220752
-1.22984334049
10
-2.66705652893
-1.94668298615
-0.3060628653
11
-0.542444988373
-2.94893124114
1.06152860483
12
1.86825588403
0.191332468966
2.40375302055
13
2.48649693892
-1.91694064358
-0.8798792978
14
1.56254549683
-1.49055916526
-0.614018033929
15
-1.90331520332
0.289257332879
1.78632704869
16
-2.00071875238
0.153358253728
-2.42894885119
17
-0.340222865563
0.414097818001
-2.82117404211
18
1.52320660084
-2.87523174255
-0.340219925541
19
1.5258255065
-0.468232745312
0.261405328688
0
-2.32256855788
-0.321990139008
1.43957814894
1
0.195038692293
-1.02508046243
2.10662290048
2
2.4308207178
-0.254052759236
-0.973973633595
3
2.64911659376
-0.909101490299
-0.401692537954
4
0.270058941113
-1.68697415634
-2.10219237101
5
-0.553234339005
2.31565284702
0.119895184193
6
-3.01754424411
0.663361216763
0.595506732444
7
-0.630858478732
2.48520209772
-0.869677934705
10
-2.18732975045
-1.56366500372
1.57668859958
11
-0.234349578307
-2.06550138139
1.90571821295
12
1.49830730189
-0.0946964442363
2.91752503687
13
2.39875605249
-1.80622037325
-1.35950681847
14
1.8102062896
-1.04362697378
0.0540063830427
15
-1.62675780207
1.45203732989
2.15372206003
16
-2.11880612557
-0.33095833494
-2.39031189694
17
-0.209436708722
0.313847133847
-2.34910965931
18
1.07346573808
-3.07720753566
-0.256919653226
19
1.70814428413
0.396893802027
0.627869697424
0
-3.03882933999
-0.331073370407
0.662918226561
1
-0.144226275449
0.0280993045621
3.34652319695
2
2.21719189983
-0.400703358661
1.58732332059
3
2.8772469609
-0.886670563449
-0.846049814378
4
1.21055560177
-0.945297914574
-2.52204705984
5
-1.17300784875
2.27292200741
1.29518986369
6
-2.7925243483
1.01260974289
-1.55642732932
7
-1.2627025149
2.54887506778
-1.18267541862
10
-2.08280157999
-1.82468148897
0.534200105603
11
-0.799370108748
-2.05826320361
1.30281645257
12
0.686405573859
0.479190618316
1.63853507561
13
1.93534876014
-2.16262341549
-1.45733882213
14
1.3428135134
-1.55321386731
-1.05875643318
15
-0.629665433487
1.12146678059
2.8392059934
16
-2.5738834615
0.0884896118542
-1.43941756343
17
-0.0345238043931
2.0709428622
-2.62922466453
18
0.584528533272
-2.97731465039
-0.225906410466
19
1.67001671051
-0.504455993136
1.7110157153
0
-2.47990189154
-0.353135313703
1.91315623142
1
-0.301194507405
-0.393327952908
2.42760355309
2
3.1309932854
-0.0845852497032
0.9775129362
3
2.49474582811
-1.05637603535
1.45618756837
4
1.26907644886
-0.968399040317
-2.02602120523
5
-0.595071986683
2.78495455146
-0.0474533187817
6
-1.71776797986
1.12958046347
-2.01061683699
7
-0.729496260263
2.97002027497
-0.941940809437
10
-2.19211349026
-0.669890868116
1.11604653698
11
-0.862834851678
-2.70613061984
0.764210267373
12
2.28765349774
0.316029470609
2.16176893142
13
2.73807870911
-1.4781169793
-1.19455743962
14
1.53384370846
-1.05706400272
-0.861521875109
15
-2.83980912761
1.43974428562
0.73540373204
16
-2.43805359302
-0.241150967149
-2.01612519058
17
-0.0868807504128
1.27211606258
-1.7713357964
18
0.632669136505
-3.11468348688
-0.704249681644
19
2.26401595312
0.1707071427
1.58415151361
0
-2.54989810648
0.0342642510026
2.22141279203
1
-0.266584157147
-1.07150448424
1.92021164794
2
2.96276613781
-0.18947451256
0.0533744088926
3
2.20731541162
-0.848291034076
-0.62777615937
4
0.0103858332314
-1.99415360372
-2.39919517259
5
-0.844981271531
1.87466403713
0.566652273577
6
-3.00051672663
1.37797424123
0.150266300395
7
0.546972973458
2.55062448644
-1.94580403511
10
-2.28012916145
-1.40310784497
2.04102648096
11
-0.0831901086438
-1.75773011586
2.26962433113
12
1.05428471457
0.212366895968
2.81851196048
13
2.67527049448
-1.4552995539
-0.699043067205
14
2.18930953132
-1.36035593355
-0.99930105285
15
-2.2957066137
1.89569349857
0.269721411354
16
-2.75475260693
-0.573403017222
-1.8178569132
17
-0.110859165676
-0.028515859437
-2.85971526314
18
0.281029721063
-3.35665287136
-0.107622915849
19
1.31349949968
0.455482426967
0.929238022129
0
-3.26102322743
-0.457034368877
0.221989798073
1
-0.587722544468
-0.216319788217
2.05805004734
2
2.72790317396
0.111450668462
-0.496820911026
3
2.80302799133
-0.791139534389
0.439922268586
4
0.596819467327
-1.59040541486
-2.67149106409
5
-0.764395990141
2.35586659668
1.57115461527
6
-1.86686906321
1.78279592935
-0.7098683043
7
-0.426487875098
2.95611679122
-0.544457964953
10
-2.04680344286
-2.03763993284
0.98494023949
11
-0.815488420392
-1.99082687742
1.79798565793
12
1.22866032894
-0.512300648926
2.97135103623
13
2.42245940966
-1.33834853822
-1.55628833503
14
1.51976478541
-0.851292382027
-1.31699945309
15
-1.9089573743
1.25834654932
1.68240487229
16
-2.79895748666
-0.561135986877
-1.31996591251
17
-0.317149284564
-0.105836850636
-3.3085647381
18
1.04147037576
-2.08726411322
-0.324341867186
19
1.51007665053
0.430594340047
0.170012201844
0
-3.06191585726
-0.340992146949
1.16228645802
1
1.07095262544
-0.494212335416
1.83978839627
2
3.18406913465
0.316114624096
-0.491792832378
3
2.34999168688
-0.794767502156
-0.0176977082505
4
0.826994728511
-0.839721119476
-2.82492425746
5
-1.12949957858
1.49265893976
0.414594920804
6
-1.52348562379
1.27446371789
-1.53156883832
7
-1.1566601062
2.09997441707
-1.68231127188
10
-1.60917163789
-2.18505155045
1.17663848745
11
-0.58775740865
-2.31602650652
0.91304299598
12
0.268768463229
-0.00961848991965
2.74717134017
13
2.05932256198
-1.02074312435
-1.68765968248
14
1.33696707328
-1.54607702048
-1.55867131049
15
-2.52213723252
0.553908293477
1.48751678014
16
-2.93663037069
-0.133107441413
-1.10124750616
17
-0.759884740229
1.78278277489
-2.51836813819
18
-0.143986012647
-3.12633161359
-0.235348184759
19
2.00732164161
0.39594376146
0.130683379714
0
-2.25358694321
-0.127653619295
0.984084072199
1
1.15334816351
-1.53396052029
2.64809879767
2
2.83652778476
0.225977171512
1.59451160816
3
2.7171066968
-0.814000235978
-1.3141033576
4
0.832916375427
-2.18403248765
-2.00872141547
5
-0.700868460629
2.21149242698
1.09668612093
6
-1.52663542383
2.09814598778
-0.523333022697
7
-0.296619351443
1.74212331965
-1.60709556939
10
-1.47409578339
-1.31163090204
1.56274444883
11
-1.25448877885
-2.99136147591
0.640717109359
12
0.881635141804
-0.559188367728
2.61445460683
13
2.23924733566
-0.594392346705
-1.87700616441
14
1.81351091241
-1.54004841934
-1.40744424495
15
-0.900398265849
0.623078451758
1.80331716594
16
-2.74677063965
-0.0710071529025
-0.439916295835
17
0.171881178715
0.478555173926
-2.65626797625
18
0.308600702147
-2.80031085095
-0.919074018328
19
1.9538999894
0.106873164481
0.947259405085
0
-3.04245583768
-0.777920745129
-0.573740425514
1
-0.16336073607
-0.580044981897
1.98472817269
2
2.45430250706
0.530080173263
0.831746206255
3
1.91173288793
-0.46718050927
-0.49592116489
4
0.354714926535
-1.18129560246
-2.38268258032
5
-0.394300908087
2.60588033278
1.79592730489
6
-1.82105307398
2.46174732981
-0.699719845769
7
0.397057027388
2.10170860864
-1.53480307961
10
-1.16646216733
-1.56663177052
1.86330411901
11
-1.33932764703
-2.54968824792
0.422251720505
12
1.11808757374
0.709691073964
2.2159471016
13
1.95330725681
-1.18067801886
-2.14937559577
14
1.62651363174
-0.440716976602
-1.58163603459
15
-1.46251564424
1.91493482633
2.24726574703
16
-2.65396328547
-0.0154929339207
0.0482486009989
17
-0.637206185069
1.17546109184
-2.56395476367
18
-0.619656169755
-3.27782119741
-0.207262465448
19
2.03502861266
0.429486520401
-0.367420231072
0
-2.05825652958
-2.2093883244
-0.890925238663
1
0.693449135765
-0.296294686267
2.10116880762
2
2.72583813372
0.368493214936
-0.0679562879675
3
1.57030546801
-0.237028488469
-0.779571238488
4
0.0955809416488
-2.10101913925
-1.88282013067
5
-0.594624324016
1.50797416106
0.336739390901
6
-1.32652909769
2.55480309694
-0.561039028698
7
0.67701522808
1.85605188398
-1.88555411947
10
-1.51069634278
-0.950600217273
2.67568258598
11
-0.021539565305
-1.70557135184
2.76305991339
12
-0.1157541971
0.309824298837
2.73724015668
13
2.46713757183
-0.175238164304
-2.0265916304
14
1.62534711862
-0.442726619711
-2.08163063514
15
-1.66311930673
2.09005705894
1.82407504033
16
-1.71277933842
0.0454460034586
-2.82321505584
17
-0.809509510266
0.582906944134
-2.85686051066
18
-0.71286443677
-2.85364874829
0.0405074931258
19
1.7135443142
0.735078737752
0.996111179231
0
-3.04832393609
-1.25785183918
0.384460730408
1
-0.746394651068
-0.966779726241
1.82632546693
2
3.20674458756
0.360758296135
0.0686788234897
3
1.59445576787
0.0320974996527
-0.358871861813
4
1.16071056745
-0.480607364114
-2.92326575202
5
-0.966147839613
1.53430971414
1.15062767667
6
-1.94498307023
1.69715506643
-1.19624659792
7
-0.397566390376
1.58661753081
-0.880626975208
10
-0.77394515965
-1.51517541416
2.16872619103
11
0.751618160522
-1.64841554863
2.1425471077
12
1.09441627876
0.786523071291
1.7224529132
13
2.26986347347
-0.636607688717
-2.37427924532
14
1.59859197385
-0.456098921446
-2.58073517707
15
-2.23842328549
1.81316077041
0.759524401434
16
-1.23951368974
-0.0793247961795
-2.72098065193
17
0.690236102958
1.21589305056
-2.01598947327
18
-0.527655768143
-3.12773991904
-0.675249149003
19
1.77930141845
1.1193123318
1.30922545301
0
-3.07908367659
0.128732822814
0.470673972913
1
-1.07358450464
-0.146575957599
2.1533073502
2
2.60123365867
0.607399181316
1.37280476419
3
2.71704136115
-0.813936425039
-1.81410334926
4
0.11063710525
-2.53282632308
-2.13444657588
5
-1.1081105396
1.34233014693
1.58993444601
6
-2.13266257805
1.96585219817
-0.327972755868
7
0.494475881864
1.65041525572
-1.34285549197
10
-1.73808480932
-1.77501406925
1.51743865981
11
-0.489159427751
-1.55162223726
2.85041742231
12
0.619461448701
-0.00386950133368
1.52821098527
13
2.63392566473
0.264831408362
-1.85771148568
14
1.56222552843
0.053222610099
-2.07455770765
15
-1.03446902951
0.491788804382
3.06613050816
16
-2.39271642763
0.762951995324
-0.843321922803
17
0.134674432416
0.313139245361
-3.12664360126
18
-0.383917081816
-2.97617623029
0.396570203649
19
1.89661670797
1.08798809834
0.692895939095
0
-2.67578944537
-1.49700176822
-1.01233941021
1
0.568499370406
-0.0100769285666
3.28102744228
2
3.0183374398
0.642744749026
0.436083759571
3
3.02293903433
-0.464876729303
-1.12814809843
4
0.958543587673
-1.30517123456
-1.80555376235
5
-1.22561777979
2.33896341129
0.779112559004
10
-1.72590133355
-1.63063576201
1.99598486167
11
-1.48826677026
-2.80514633629
0.0190665240278
12
1.09132664408
1.19160387613
2.34649940433
13
2.60650903392
-0.150104238387
-1.5470669894
14
1.68917248974
0.50327889347
-2.251571297
15
-0.736795429703
0.116115746818
2.92379224277
16
-1.92797273018
-0.793089009855
-2.38608643743
17
0.581823974558
0.761643904537
-2.61375121794
0
-2.08523849787
-2.2347986722
-0.392300843339
1
0.218049565865
-0.37101547502
1.73808501581
2
3.10314635217
0.350767167491
-0.983982536162
3
3.01012840292
-1.10436049391
0.998777182627
4
0.977782307937
-0.294119861941
-2.49693294375
5
-1.02548036732
2.82479993805
0.203865146608
10
-2.07279767686
-2.23436648113
0.247742204473
11
-0.364892279046
-2.38119741957
2.27081356319
12
0.662734467241
0.934372497691
2.35836380047
13
2.17423020284
0.457965512954
-1.82057255783
14
1.37842483866
0.298125579579
-1.67928584933
15
-0.506427889075
1.12008860037
2.35463338969
16
-2.84948500083
-1.02053281922
-1.51075773819
17
-0.656621415772
1.39692617028
-2.11609734456
0
-2.81276184871
-0.0807157973917
1.65822122785
1
-1.1352119798
0.0340734504016
1.6911733375
2
2.59015840102
1.06207671138
1.58052015197
3
2.13872558243
-0.792712388383
-1.11992090381
4
-0.181102353096
-2.49202913026
-1.73944111779
5
-0.860965974741
2.67615346825
0.721389716394
10
-1.68909140244
-2.65480908703
1.02517665045
11
-1.11336204943
-2.47984881107
1.13303633235
12
2.34600901221
0.701397281003
1.8485816318
13
2.57495501917
0.761099205906
-1.84219581348
14
1.94029342562
-0.0380287137303
-1.76033189552
15
-1.86607216607
0.321310258787
1.28874734039
16
-1.6508889612
-1.14909671273
-2.17048703933
17
-0.428727321885
0.540719253494
-3.29670950165
0
-1.91814004305
-0.380387109102
1.72772285266
1
-0.473129635896
0.403470703585
3.31620996086
2
2.47803805191
1.53592433706
1.46695318957
3
1.57058965476
0.256071467061
-0.862350179618
4
-0.632014245697
-2.68974889992
-1.65234715819
5
-0.577976778438
2.14781903407
1.98584014576
10
-2.15321562511
-2.05338831323
1.5042407027
11
-1.54871925452
-2.79745788021
-0.477205966435
12
0.977137041234
0.709474009973
2.69566879203
13
2.12477712847
0.377771693076
-1.32952943886
14
1.10609311103
0.474378023634
-2.05977304502
15
-1.70522606988
0.0709160308931
2.19016831833
16
-0.892055005387
-0.43579032343
-2.76793584919
17
-0.241422174554
-0.595831626914
-3.24398514356
0
-3.16945952978
0.146754151647
0.962108034479
1
-0.311899470157
-1.05962644118
2.41801224507
2
3.12894399898
0.747959528191
-0.245883909756
3
1.87476641363
0.636646968488
-0.974772539835
4
-0.699455508432
-2.62364652509
-1.16134598495
5
-1.04098210457
3.15337533655
-0.172695477516
10
-1.28915079475
-0.989935025726
2.19567912639
11
0.36171371247
-1.3147849234
1.53687684221
12
2.16081795874
0.66906131166
2.49234610131
13
2.54669517501
0.288891133608
-1.07637847963
14
1.28775105817
0.616442802501
-1.30451603848
15
-1.19339254135
0.365585833028
2.60916647522
16
-1.49859323535
-1.04775368037
-2.63582089977
17
-1.21050617716
0.828949183289
-3.02616759762
0
-1.82143320612
-2.31038848377
-1.31954357853
1
0.292213518396
-1.23128303439
2.57179240773
2
3.27941415773
-0.373913584054
-0.286796519297
3
1.87368148852
-0.0230233157968
-1.1456193846
10
-1.43133579598
-0.59912223601
1.89899920217
11
-1.15275788946
-2.47744850612
1.63147610437
12
1.41595658002
1.55439879722
2.46049611451
13
2.42887770177
0.811631447827
-1.36668775901
14
0.904247705533
-1.78336682793
-1.47837500885
15
-1.67605751975
0.115465253742
2.68732479513
16
-1.0303134071
-0.970976449738
-2.79336219376
17
0.488536036115
1.10632630784
-1.57179108074
0
-2.90395704076
-1.0496301897
1.01469422149
1
-0.157992917583
-1.53951362088
1.78173641291
2
3.072626485
0.554375273508
1.21476278086
3
1.53325843345
0.878418067247
-0.701059121685
10
-1.55308434979
-0.45716590462
2.74442730184
11
-0.136049798492
-2.40760752828
0.719205044646
12
0.896816377371
0.49752356052
3.19783952268
13
2.22456324457
-0.085672394607
-2.45453516482
14
1.437834864
0.615420709168
-2.6690082516
15
-2.22202965289
1.51732256672
1.39099936309
16
-0.928496477125
-0.248062098614
-3.2299208411
17
-0.213134832843
-1.0913569558
-3.18353289191
0
-2.41928132901
-1.66063575435
-1.40911076102
1
0.223515693687
-0.364480582436
2.23801242717
2
2.48733855712
1.11476345909
1.09405105088
3
1.17633432963
0.937290758667
-0.355893668141
10
-1.02388801192
-0.93640086152
2.78889048015
11
-1.00639492911
-2.01893603089
2.25924976928
12
0.496111555469
0.579372049209
2.66854356585
13
2.28044177357
1.27042957704
-1.23450965247
14
1.53331226216
0.829378340592
-1.68446097096
15
-0.558373449885
0.777897846783
1.47309000142
16
-2.09104012418
-1.35895217088
-2.05990837764
17
-0.0243804149304
-0.790018777861
-2.83201180828
0
-2.82087490292
-1.54254359103
1.02625869998
1
-0.628455631843
0.276391887329
2.13272280258
2
2.51774032377
0.735814843285
-0.335855752025
3
0.917525333476
1.15236235046
0.0139199523704
10
-2.53969131458
-1.99701188429
0.9113813679
11
0.08261135512
-2.58918698268
1.86141789141
12
0.102699682731
0.373339977342
2.29199453798
13
2.284670097
0.627553275597
-2.27778478485
14
1.03166115885
0.901910930361
-0.983695354241
15
-0.379752540399
1.56916476673
2.53431074732
16
-3.19578126385
0.618774563404
-0.442283149374
17
0.668020596572
2.03306704958
-2.51255162447
0
-2.39872315353
0.253552688942
0.694917630481
1
0.451359961838
-1.70501939717
2.58748533995
10
-0.834637148579
-0.502843003499
2.62699021928
11
-0.415721191112
-2.0156412575
2.679264934
12
1.94499968032
1.0851079198
2.31819762856
13
2.25670354733
1.27362369791
-1.73393561717
14
1.12737069039
1.28019971622
-1.29632497546
15
-1.19951009863
1.11330985129
2.60841839988
0
-3.26387604445
-0.394726233804
-0.274104505199
1
-0.482787080048
-0.331872524369
3.27038605775
10
-2.51049970853
-1.12956794424
1.35547178832
11
-0.50095924998
-2.70628210266
1.75412979553
14
1.16624312364
-0.399902958811
-1.7726472262
15
-0.51492684661
1.18328216291
1.76253075339
0
-1.75389056247
-2.19595446114
-1.80156312767
1
0.139952990394
-1.23988422764
3.04796753422
10
-1.41693907515
-1.43020566936
2.56990836845
11
-0.441786383751
-1.09879213162
3.05705887538
14
1.49633398993
1.60033591397
-1.18965305563
15
-2.29090981413
0.827261073115
2.30096792477
0
-1.36746264444
-2.38571979227
-1.54727474165
1
1.61684594084
-1.45628622577
2.47740458459
10
-2.64207757396
-2.09621426144
0.181089284229
11
-1.2530735319
-3.03455767983
-0.803361284833
14
1.23042513946
1.54183605189
-0.770284185326
15
-2.09838330782
1.90388600647
1.68302725286
0
-2.20563842829
-0.347498406017
2.33118467303
1
-0.093313719897
0.0182742302224
1.69927226441
10
-1.480925567
-2.05294950423
1.88810540611
11
-0.0883909070005
-2.881444378
0.871544369525
14
1.31049245124
0.267349698493
-3.0046129021
15
-2.17789039287
2.31204035479
0.520270076139
0
-1.50528902741
-2.64651426265
-1.14355437756
1
1.24698571628
-1.56593093074
2.14636736644
10
-2.24919702703
-2.42507249579
0.674959345084
11
-0.826986831538
-2.47363011507
2.05342742121
14
1.89838277361
0.392506198616
-2.69198072832
15
-2.14340834358
1.3451394528
2.11541726808
0
-1.04765947806
-2.44086072
-1.92765009951
1
1.12792161942
-1.97548778173
2.40730208365
10
-1.02350158947
-0.46452040396
3.08835948714
11
0.276888286287
-2.87438515867
1.45802814539
0
-2.74325584686
-1.00973343735
-0.922796915254
1
-0.155519069908
0.511871237594
1.74919709534
10
-1.64394348513
-2.12865332512
0.681047770406
11
0.755463084971
-1.3625077192
1.23243642699
10
-1.20127714973
-1.67764683019
1.35877794799
11
-1.96281394212
-2.72779824017
-0.118127694887
