0.5
10
1
1
1
1
1
1
1
1
1
1
1
1
1
1
1
1
1
1
1
1
1
1
1
1
1
1
1
1
1
1
1
1
1
1
1
1
1
1
1
1
1
1
1
1
1
1
1
1
1
1
1
1
1
1
1
1
1
1
1
1
1
1
1
1
1
1
1
1
1
1
1
1
1
1
1
1
1
1
1
1
6.97
-2.0525
-0.1702
-0.12526
3.531
562
0
-1.62053
-4.77712
3.59887
1
2.3938
-1.63096
-3.38693
2
0.94794
-2.55588
-4.78692
3
-3.2051
2.79042
2.85777
4
-0.19978
-3.80891
4.65079
5
1.96706
-2.27629
-1.58116
6
3.88715
-0.58004
0.52834
7
-0.99102
4.17844
1.23099
8
4.35871
2.31496
-2.71723
9
3.17773
2.48779
-3.4797
10
-1.62053
-4.77712
3.59887
11
2.3938
-1.63096
-3.38693
12
0.94794
-2.55588
-4.78692
13
-3.2051
2.79042
2.85777
14
-0.19978
-3.80891
4.65079
15
1.96706
-2.27629
-1.58116
16
3.88715
-0.58004
0.52834
17
-0.99102
4.17844
1.23099
18
4.35871
2.31496
-2.71723
19
3.17773
2.48779
-3.4797
0
-1.3989042855
-5.18192363453
2.71173074366
1
2.83130807717
-0.897708591832
-2.86642154202
2
1.32441188226
-1.63825488652
-4.65951092266
3
-3.57132132806
2.62395465221
3.77328691784
4
-0.166380031666
-4.5744142713
4.00822665469
5
2.44006969574
-1.593099996
-2.13749914672
6
3.83056080587
-0.559369693222
-0.469843551019
7
-0.935949129609
3.51768888782
1.97957210438
8
5.14695213876
1.70684006788
-2.62307863866
9
3.28573734864
2.38927203593
-2.49044339861
10
-1.76436464703
-3.91296641281
3.11663543876
11
2.60326328574
-1.86454655215
-4.33643642682
12
0.737013284367
-2.66867858956
-3.81594811636
13
-3.12949460555
3.55148790611
2.21351891027
14
-1.16445038004
-3.61194248356
4.82576101288
15
1.01870674429
-2.53892805608
-1.75905703169
16
3.57141255621
-0.365363473047
1.4525823142
17
-0.986967516109
5.0878116084
0.81502503126
18
4.6522302768
2.34173840041
-3.67280771237
19
3.7647853619
3.25964489082
-3.23555653895
0
-1.23543729748
-5.32948464387
1.73627992873
1
2.65733617308
-0.545855637172
-3.78616785209
2
1.3514430097
-1.66720086909
-3.66029550632
3
-3.26054162243
3.5620571477
3.92619107912
4
-0.375967729517
-4.56098806954
3.03052898465
5
2.54041469994
-2.49697542222
-2.55335981329
6
3.62737430116
-0.616797209522
-1.44729806386
7
-1.21911540453
3.58602255481
2.93620545666
8
5.32029403578
1.85493050493
-1.64941452348
9
3.5763271963
2.59099402587
-1.5551007987
10
-2.33901459866
-3.88250293737
2.29880329844
11
3.03815193521
-2.69606182063
-3.99081492742
12
0.675334443811
-2.67651908897
-2.81788286438
13
-3.55665920676
4.26687162819
1.66056635024
14
-1.92714662277
-2.96533229245
4.81198777518
15
0.328440036827
-3.23446338183
-1.55965170777
16
3.55670515316
-0.987221652715
2.23557407449
17
-1.08738224152
5.08702434082
-0.179920325596
18
4.34346660267
1.39135500881
-3.71070761363
19
3.3689328759
3.8331469708
-2.51834236342
0
-1.14747945112
-5.37323676461
0.741117042967
1
2.58070539183
-0.466056004287
-4.78002887957
2
1.25348508408
-1.84599017853
-2.68129671795
3
-2.47330829381
3.6728349913
4.53281448426
4
0.615617973969
-4.5682789871
2.90128257208
5
3.11097203895
-3.31742865563
-2.51701679883
6
2.73322209791
-0.792397895531
-1.03540458674
7
-2.15513568055
3.26950653947
2.782310509
8
5.43111833766
0.938712644454
-1.26436542758
9
2.67097188772
3.01557380065
-1.5471145568
10
-3.33596946465
-3.91555412211
2.22817317468
11
3.36958309149
-3.61250881498
-3.76658670619
12
-0.138532877506
-2.29500280581
-3.25613542738
13
-3.53195728931
4.26649211133
0.660871561193
14
-2.57787077553
-2.79868800456
4.07118567048
15
-0.459447000023
-3.44035058928
-2.14003474936
16
3.55028968068
-1.98551887131
2.29355256237
17
-0.604651971102
4.21227781389
-0.137611938159
18
3.85593686157
1.40599634465
-2.83772400392
19
4.09637811777
3.79531292744
-1.83322047262
0
-1.09763913975
-4.39636895999
0.533162154453
1
2.34124859604
-1.31906508943
-5.24374856171
2
1.24326085527
-0.875402763389
-2.92182849282
3
-1.63152629021
3.53270757808
4.01150136675
4
0.286574456635
-4.39183901092
1.9735976587
5
3.58594397571
-2.98251925036
-1.70323712991
6
2.3312891148
0.110954778991
-1.18508365179
7
-1.92511097638
2.59317448872
3.48207017674
8
5.33646163949
0.940719918436
-0.268857476658
9
1.89886747443
3.64441761886
-1.45540726548
10
-3.31743663203
-3.25351676442
2.97741483873
11
2.54905391752
-4.16119789061
-3.92681208791
12
-0.919068201511
-2.18052885789
-3.87067616909
13
-3.63936834233
5.25611932169
0.56547318488
14
-3.43544759573
-2.29572062049
4.17882306176
15
-0.372336216359
-4.35761867795
-1.75140772395
16
3.5466486795
-1.98953016355
1.29356723616
17
0.284065579179
4.67029857716
-0.157564287301
18
3.74586468124
1.27939869747
-1.85189584909
19
3.83289686465
4.32776694096
-1.02881363977
0
-0.946194747239
-4.10005695683
1.47616999788
1
3.34104795897
-1.33273585167
-5.22910806516
2
1.36350316859
-0.447199166199
-3.81747544639
3
-1.42457578986
3.75793353074
4.9635752928
4
0.55797106852
-5.33026290442
1.75981160868
5
4.24726429237
-2.26133819337
-1.49695256479
6
2.71961347743
0.326853942053
-0.289208805192
7
-1.92256558618
2.43512544395
4.46949815915
8
4.56903121792
1.99760093737
-1.00501610153
9
2.69004843381
3.00803031506
-0.547324988331
10
-3.39450587478
-4.08807359703
3.52291939872
11
1.92381001118
-3.58833903889
-4.45681472337
12
-0.974412736044
-2.45821776205
-4.8297516901
13
-3.64168789448
5.25555444126
-0.43452396541
14
-3.93136835468
-1.44294574917
4.01500114715
15
-0.37416851393
-4.74123640664
-0.82791756108
16
4.09777591429
-2.7496169168
0.949289879081
17
0.0357828425879
4.11778037255
0.638098528395
18
4.16940120943
0.467365500969
-2.98164148693
19
4.95241347639
3.33234664445
-1.60329508125
0
-0.597593468067
-3.47345732761
2.17319944692
1
3.59041170753
-0.507402889024
-4.72250839909
2
0.869091804306
0.377166965197
-3.54183458535
3
-0.553688066681
3.2771293862
4.8616834472
4
0.707487989348
-5.6066630207
2.70915225677
5
3.96851396359
-2.74754697327
-0.668762202285
6
3.71220378332
0.441497647095
-0.248943366772
7
-2.15149512938
4.02695048715
2.12942046273
8
4.537935001
2.06431287693
-0.00772850890227
9
2.71094677199
3.03515711622
0.452088537753
10
-3.79847397404
-3.23494213861
3.85303527144
11
1.57771702866
-3.22126984014
-5.3202264738
12
-1.61480794367
-2.36478745144
-5.59209331635
13
-2.8866843909
4.89286225133
-0.980806021629
14
-3.67122698513
-0.493673847066
3.83833953921
15
-1.02090967752
-5.08507148789
-1.50872833084
16
3.50869063025
-0.497356311028
3.10604897511
17
-1.8548767394
4.4460375661
-0.189309168037
18
3.59724702376
0.322507113151
-2.17438958368
19
3.83165449839
3.3910705462
-0.678673209961
0
-0.705413838654
-3.16824935447
3.1193616216
1
3.67164685999
0.293001221858
-4.12857733466
2
1.11790691825
0.819073727516
-4.40369852618
3
-0.354541056616
2.38866860476
4.44818869725
4
1.17860243828
-5.18370353192
3.48320422327
5
2.97854594914
-2.88728736378
-0.64788270005
6
2.30502220541
0.403446547118
-2.14099087274
7
-1.60807196377
1.59543645028
4.02676104147
8
4.92905802213
2.54191654164
0.778984603868
9
2.56348870955
3.14731185398
1.43477741762
10
-4.30921844992
-3.30324334751
2.99602008767
11
1.00705229762
-3.88877254175
-4.84191495596
12
-2.07304568625
-2.82042232844
-4.82893210786
13
-2.69256562045
3.91606351824
-1.07126119283
14
-2.8463262564
-0.560855414865
4.39961079688
15
-0.212103939949
-5.66555872519
-1.60289757315
16
5.02154568917
-2.85542517589
1.31733065851
17
-0.670885086998
4.69530514703
2.02494469472
18
2.85958288124
1.32383083528
-2.81475500443
19
3.44996547216
3.78620342134
0.156900543959
0
-0.203694486369
-2.56582860339
3.74014091429
1
3.70545037684
1.14175224485
-4.65628845186
2
0.600900162788
1.52165667857
-3.91473921121
3
0.420475494162
2.17996215755
5.04467085533
4
0.678088302804
-5.23321611846
0.771806663672
5
2.16769237922
-2.69635966415
-0.0946529994105
6
3.77248609707
-1.5481492999
-0.607474280173
7
-0.78745216751
1.02474017212
3.99694647992
8
4.49853807118
1.66645428464
0.998571507876
9
1.49020589909
4.49445829686
-1.12310234136
10
-4.32937169428
-3.40544327825
2.00146037559
11
0.0139479111577
-3.86646102923
-4.72682423522
12
-1.29916462978
-3.44210995196
-4.94981473359
13
-4.48887130147
4.20808626748
0.376434695207
14
-0.612798112656
-2.78258529514
4.91434108918
15
0.275551137769
-4.04433636928
-0.524281739545
16
3.37714314369
-3.37218593362
1.25440662598
17
-1.17134854465
5.44109257839
2.46464622391
18
3.82720271888
-0.469084439864
-3.05885354156
19
3.56999673321
3.73217077257
1.14819917164
0
-2.33770215566
-4.77826747643
2.90197489853
1
2.94505996912
0.295481272734
-5.31603887734
2
1.42020912557
2.01907738226
-4.19988034654
3
0.551767950257
2.74989106583
4.23353379511
4
0.49569375957
-3.46752017916
4.0185169261
5
1.70105733458
-1.83790970743
-0.72263492694
6
2.77938743265
0.325102503314
0.709001596847
7
0.143792226959
0.858913700985
3.6724692708
10
-4.88672443172
-2.86805589807
1.36855222293
11
2.83013042195
-4.75567308344
-3.17342291639
12
-1.97671104901
-3.76150784799
-4.28730750057
13
-2.71505222368
4.48155635094
-1.89570780046
14
0.282590770399
-3.12296182176
5.20143439845
15
-0.747847616229
-5.38269651437
-2.42352691757
16
2.77856656828
-0.954871410908
1.29806490218
17
-1.27714495311
5.23900112146
3.43828176301
18
2.45806748013
1.60393946635
-3.68672090828
19
4.81954503742
3.04215622471
-0.655594971399
0
-0.318611620964
-5.91311862751
0.594468844025
1
3.87029997748
-1.3717079982
-4.30460980542
2
0.587225444491
-0.00719559668338
-4.59252695967
3
0.476397396764
2.92537176359
3.25194029249
4
0.842478812971
-5.12224765846
-0.208326878786
5
5.15241385154
-1.86442954786
-1.64916229728
6
3.89770626829
0.446789612856
0.733686178463
7
-0.151176462605
3.75156744279
2.55353437025
10
-5.01197002617
-3.4976527881
0.601791962399
11
2.11207575292
-4.88686392194
-2.48991252424
12
-1.96696546537
-2.78380251809
-3.83524907177
13
-3.6275373281
4.09506450719
-1.76156239827
14
-2.61533601643
-1.73988578621
4.31470769852
15
0.71436065135
-4.20372048086
0.360050164079
16
2.20557346383
-0.874566661824
0.482448540448
17
0.277328012687
4.55733378643
1.73884013125
18
4.16206850697
0.536082297078
-1.32820213674
19
3.08204547327
3.32014729946
-4.02561739062
0
-0.479286141477
-5.9198499357
2.01859934266
1
2.29590677857
0.31837806525
-4.13612342124
2
0.673608001073
-0.729463364332
-5.27872469045
3
0.452224040297
2.10695574227
6.0414968648
4
1.67135091578
-5.19497649732
0.662412362891
5
2.8824326097
-1.84228633877
-1.2759765301
6
2.87836296206
-1.51247933283
-0.161075945835
7
0.847377325683
3.7714113182
2.6034998834
10
-4.94585602073
-3.51403974374
-0.395885543596
11
1.64963904396
-4.53480451239
-3.30367321533
12
-2.93744455643
-2.35788148795
-4.63177591569
13
-3.21451878756
5.3190346603
1.46854821829
14
1.26060217809
-3.0621196665
5.4009135166
15
0.11379440902
-5.72887868508
-0.659615616986
16
4.84990523067
-1.87385955743
1.23325634809
17
0.422362603542
3.27366824413
1.00962349806
18
2.22014624119
1.29740436812
-4.60836602307
19
4.06950011061
4.4453935824
0.583099046206
0
-1.39142858522
-5.18922776223
-0.21105390125
1
3.9268627839
-1.58403062267
-3.32904855564
2
0.807839486315
1.74958683541
-2.96330662822
3
-0.0650170510989
4.04281258016
4.44343724576
4
1.4474261501
-3.19845582564
3.87083540903
5
4.22824028143
-3.61237918414
-2.13996578649
6
2.20941182903
0.684303317417
1.4479891383
7
1.00996239484
4.74083706341
2.4197070114
10
-4.35720253387
-4.22675639053
0.402574824678
11
4.16686898721
-3.00890830285
-3.76786037905
12
-2.56818422786
-3.59207207537
-3.49898586719
13
-3.62003158216
4.43561722482
-2.70175786214
14
-3.69809451095
-0.36973707241
4.88742697099
15
-1.72393257326
-5.71848580173
-1.18539396043
16
4.82071092908
-1.85959172932
2.23272826957
17
0.090613284057
2.99634834765
1.91130862272
18
5.15509295565
0.571912968637
-2.8494234532
19
2.64864021765
2.45888887681
-4.32777353884
0
-2.68043659186
-5.33391377424
2.144485428
1
1.75909053517
-0.920923790711
-5.95267415613
2
-0.252682088401
0.0331531897216
-4.05129936279
3
-2.9951832939
1.95763728683
4.24666428758
4
0.698979870156
-3.48500170832
1.88660408704
5
5.16717275892
-1.78378846349
-2.64579622715
6
4.66853661466
-0.0798679618657
0.155160565015
7
-2.03764057757
2.26293251528
5.44781678908
10
-2.45503666962
-4.33742126012
3.93092968817
11
0.939448794759
-4.79430176264
-2.64923377042
12
0.860206009472
-2.3258581532
-5.75614272822
13
-2.75312102654
4.07404678475
-3.04488015146
14
-4.58202184964
-1.87834950316
3.39284875385
15
-1.55233849086
-4.24059200469
-1.44211137503
16
1.97209153953
-1.61890655875
1.10810364422
17
-1.23285230145
4.15310314387
-0.913410045518
18
4.91567515908
0.593732311119
-3.90143097374
19
2.7122073321
3.24135076351
-2.98577022861
0
-2.00895241066
-4.25049584907
0.148156754797
1
4.77184086688
-1.37032863957
-3.87191808825
2
-0.733492991977
0.818408560888
-4.44142098107
3
-0.591467675734
3.39651747134
3.86955483342
4
1.70396619052
-4.63255887765
1.48862218185
5
4.15216229419
-3.57336105351
-0.135560180946
6
2.28525939484
0.515174895316
2.43066035676
7
1.77620450729
4.2098764868
2.05783149246
10
-3.51707293092
-4.7687118488
0.424174164479
11
0.361469139817
-4.02637351712
-2.92532384307
12
-3.01039879826
-1.49681592143
-4.12854260126
13
-4.08955820607
3.35551366493
2.41319860316
14
-1.72191359568
-1.42434179893
4.63443941447
15
-1.61808850888
-4.07608210287
-2.42629297785
16
2.50575678861
-2.92788091072
1.46244236044
17
1.29572050445
2.85746909041
1.26265361756
18
2.20298862907
1.41116510934
-5.60172603339
19
1.8816839558
2.81868600927
-4.85911534587
0
-1.16523339926
-6.14182399305
-0.00759344099691
1
4.16804742182
-2.38449720721
-2.78033805138
2
0.419361716231
-1.34847853535
-3.48813123496
3
-0.0499163380233
2.89989726336
5.63879989336
4
1.87299494708
-5.00350393908
-0.298148902245
5
2.21700694728
-3.5689938571
-2.14615110306
6
1.6993695082
1.52604450917
1.62498800008
7
-0.747747564754
1.39295028413
4.92584090769
10
-4.56881224528
-3.35932283761
-1.30906716319
11
2.43912991936
-2.47586084995
-5.1106166819
12
-3.3855995488
-0.738231888088
-4.66124764268
13
-4.31698514587
3.99954985716
-0.586356930788
14
-0.0352875709391
-1.97142689879
5.00655621941
15
-1.41634760134
-3.89746430055
-3.38930714541
16
2.92117078014
-2.60776997982
2.75939906814
17
-2.11162598238
4.4594604696
0.777075668293
18
1.99047907997
1.89578139267
-2.85234127162
19
1.29058498516
3.56220832028
-4.54642287722
0
-2.63018988737
-5.30432875153
1.14618687791
1
1.68818310942
-0.0992559208542
-5.38713543188
2
-0.277452849423
-0.83441742546
-5.56935831498
3
0.224634970849
4.20100883269
3.49946921035
4
1.24835840102
-3.4555818826
1.0515485777
5
1.24589503727
-3.05152808607
-0.250039782749
6
4.91221097084
-0.304362196503
1.09867799822
7
-0.744285403738
0.424158209786
5.17369152826
10
-5.33625033458
-2.02705172419
1.66961441279
11
1.06329988633
-4.98063055056
-1.67458383844
12
-3.31217029663
-2.57286326556
-3.72990926539
13
-2.16563312091
3.30772797726
-3.30490600793
14
0.019222839809
-2.03753060173
6.00287891592
15
-2.33535654677
-4.60170502219
-2.88372833778
16
3.73207464174
0.190085683843
2.41501852202
17
0.00606923178391
5.15407573707
0.91242668723
18
1.9434582457
2.27578004023
-1.92855013235
19
2.71104936813
4.47682273133
-2.90932932676
0
-0.782189591334
-6.25435127604
-0.92444405685
1
3.75333788136
-2.30701467204
-4.63855784621
2
-0.268293191342
-1.70229705687
-5.07266822442
3
-3.07314767903
1.11979275055
3.70635133412
4
1.00048297235
-4.58395587949
4.26331716975
5
5.13415330728
-2.15534816113
-0.692588770059
6
4.27047505219
0.680720184138
1.63163936297
7
2.23599359865
4.47439944911
1.21011597776
10
-4.20902237656
-4.5554571715
1.33531189243
11
1.03760569324
-4.61138016923
-4.09078905584
12
-3.91468519894
0.0378024477732
-5.00452462178
13
-3.70342575287
4.33825780892
2.64715825885
14
-1.87769055993
-1.57177883292
5.61116653011
15
-1.66370980367
-5.30158799345
-3.12673961125
16
5.351525624
-3.15530906838
0.422242454122
17
1.05225300128
3.19195053149
0.237250335472
18
1.26231613514
1.67235744947
-5.38513004861
19
2.66246076039
4.68212408944
-1.93183738328
0
-2.64044320695
-5.2777597539
0.146592481263
1
5.417203795
-0.933636601027
-3.24517511502
2
1.55857833648
-0.585936269424
-2.01806744314
3
-3.06905597898
1.62820978378
5.18795082558
4
1.67233932484
-2.23416918336
4.01071155195
5
2.36727561309
-3.51276374421
0.447242664732
6
1.79287464124
0.141447675782
-2.95895264686
7
0.320135805991
0.209023267478
4.41175633721
10
-4.60548927448
-4.41223845473
-0.674075323478
11
1.76610567548
-4.3667294587
-1.31515446824
12
-0.0219629342097
-3.24627125481
-3.54161710149
13
-4.41912079896
3.87516557427
1.31680625977
14
-4.61392665621
-2.18708019469
2.44223450851
15
-1.80998751103
-5.56920507182
-2.17043701094
16
2.61422613862
-3.36789189062
3.33211162062
17
-1.23373518059
3.8036324141
-1.85035691144
18
4.63193368786
-0.180927810525
-2.37684442289
19
1.10066032169
2.76810668008
-5.48156519479
0
0.345415230839
-2.12068479665
3.03280400037
1
5.73200255477
-0.29982781512
-2.53864262196
2
-1.12242367974
-0.48109456584
-5.97083963806
3
1.06279077716
3.58607843071
4.03441985483
4
2.32256348388
-2.05695550763
4.74949694442
5
3.27580450686
-3.97533019433
0.129803415672
6
1.699399038
1.55203156653
2.62465027904
7
1.38145430321
5.64966065296
2.22988223669
10
-4.28424195604
-3.66372818497
-2.21810904065
11
0.0923091559975
-4.75908225065
-3.55037649279
12
-3.20659801423
0.593573707358
-5.44010566574
13
-2.39284556623
2.34084204882
-3.42112178169
14
-1.99644505575
-0.468683907537
4.91846179477
15
-2.43405634943
-5.10238340153
-1.52619016782
16
2.55548843973
-3.52556771564
4.3178540905
17
-1.90693772612
4.71174494086
2.86787665865
18
1.93010642106
2.26739832808
-0.928674402231
19
3.62376703237
2.53569207198
-4.53568930165
0
0.905634489281
-1.86239232312
2.24575928717
1
5.74726015214
-0.440481715531
-1.54870136814
2
-1.12144325965
-0.481485013378
-4.97084019489
3
-3.94670006012
0.642863775716
3.60916599341
4
1.6120270524
-4.63216605117
2.48438673262
5
2.05654049979
-2.88630097577
-3.33712723528
6
1.82244772176
0.622111066364
3.31064331715
7
-0.560928157016
-0.326132945896
5.80886339617
10
-3.33149192187
-3.8535124681
-1.98093969551
11
0.219174061302
-5.56732417775
-2.97535450794
12
-4.08839882158
0.343589299841
-4.06840605107
13
-2.29534736925
3.64410141307
-4.23765845389
14
-4.83540215558
-0.910985406061
3.39058508257
15
-0.00928452260175
-3.83026722077
0.94045547483
16
5.09119115572
-0.89688287401
2.23839456604
17
1.83708183615
3.7503060557
-0.0316042879508
18
0.285975691111
1.81257754977
-5.22051637717
19
3.65085504226
3.30065421836
2.04667309852
0
0.571081117914
-1.92774033402
3.98771098105
1
5.88633990714
-0.991981567419
-0.726202289038
2
-0.304419931864
1.61093982494
-3.49949946601
3
0.735753402982
3.38896627497
5.25994034162
4
1.29789638843
-2.89949129999
2.43293417579
5
5.37004115381
-2.66238427785
-2.21346092978
10
-5.73631480886
-1.17381866896
2.00419141422
11
2.60049732023
-5.04924363684
-1.63254609104
12
0.345718506326
-1.5416332844
-6.10297693106
13
-2.51937722216
5.63373615406
0.822219220118
14
-1.47569934885
-0.215366493557
4.10319852654
15
0.996323123723
-6.19842241993
-0.633697499992
16
3.7033515029
-1.50884888882
3.15920711609
17
0.40120928082
5.15646589229
-1.02354274827
0
0.620637488519
-1.10576294812
4.55507095779
1
5.56615527172
-0.0536044925698
-0.59608593865
2
0.853196704204
-0.200111416484
-6.10790163961
3
-4.06831683175
1.63531684247
3.5934729644
4
1.94965304494
-2.28682164204
3.05137593849
5
1.98356073124
-3.36833509851
-0.846263432739
10
-4.90572612281
-2.88052336806
-2.19946379434
11
3.79326554677
-4.12799926473
-3.02176271805
12
-3.50226307933
-3.45306538275
-3.17008795194
13
-2.3187549805
4.64998513374
-3.73742701357
14
-1.28074184872
-2.5470582283
5.62030012924
15
-3.33832793344
-5.04288471884
-1.94898185307
16
5.36576196864
-0.758341618585
3.1899286901
17
-0.0479486826322
5.11862260017
2.68278401399
0
-2.81674177083
-4.30986181115
-0.438317483462
1
5.39916252806
-1.23586409033
0.112355709153
2
1.21164338127
1.47392647298
-2.09097998125
3
1.05921374315
1.88975363281
4.28513189177
4
1.84904087327
-3.66846614897
2.10902456114
5
3.89776972145
-4.60291152142
0.59809920867
10
-6.03649118045
-0.667188566036
1.19597109478
11
2.94143488684
-4.32117099781
-1.03784296512
12
-1.93026277769
-1.64873213961
-4.96939512453
13
-1.2018601478
3.26518579573
-3.04159664784
14
1.18355323379
-2.17989371974
5.86539262168
15
0.997416433808
-6.30937340007
0.360127778756
16
3.63393578547
-3.02024915453
3.32669703007
17
0.895347170744
5.99281737551
-0.786173958712
0
-2.51152011147
-4.26225305176
1.01261466256
1
6.05239069917
-0.24485517464
0.256556005956
2
-1.09537696612
0.513159004441
-6.0744172093
3
-4.83299319925
1.02637139951
3.86879336877
4
2.98648791284
-1.63646016954
4.13112163502
5
3.86812856794
-4.88026751504
1.55840908304
10
-4.81128742926
-2.45600509375
-3.09994453702
11
3.88339822271
-4.33777261
-1.37314799095
12
-2.04476998319
-1.17601365829
-5.84313727031
13
-4.10000701068
2.34897712269
2.79242760714
14
-3.73308460215
0.628325160606
4.93888056703
15
1.76758597858
-6.01027814985
-1.24177261242
16
3.9767182126
-3.23285348207
2.41165626182
17
-0.259019911526
3.60706986149
-1.74408693847
0
0.271136124138
-1.13405154532
3.17784689634
1
3.48125981454
-1.94758230824
-2.19945238831
2
-0.122687073287
-0.9906043603
-4.38543291971
3
-5.24651769984
1.31153222684
3.00410799826
4
3.26588461517
-1.56132329343
5.08835302427
5
4.68422705232
-3.30952786316
-1.30309235391
10
-5.26699677117
-2.56403331927
-1.32235629372
11
3.31423590805
-5.1667324926
-0.655684415406
12
-4.8384326573
0.943470880601
-3.78985383992
13
-2.13665419217
3.41115737514
-2.31069145294
14
-2.75688762726
-2.49119838466
5.10648209252
15
-3.70928879932
-5.02277654393
-1.02055108167
16
4.64076560033
-1.2320732121
3.68988733163
17
-1.10380468104
5.89822260486
1.38911831087
0
-0.902676241723
-1.88615685579
3.96256128474
1
6.09940220512
-0.410055661993
1.24169493894
2
-0.846794901384
-1.71626480144
-5.88822979389
3
-0.322994873726
2.28416687937
3.45416443812
10
-5.55284844904
-0.350736636996
2.541663333
11
1.2767854026
-3.72529076195
-2.65784428566
12
-4.76012685071
1.27951607289
-2.85126882545
13
-4.53025361918
3.7120074621
-1.95744654267
14
-1.56513520483
-3.0784719015
3.88670556842
15
1.85845584939
-6.0879907777
-0.0976940854328
16
4.48206135971
-2.10158043354
0.29173880669
17
1.16961255286
6.14464247692
0.163419448358
0
0.335524640569
-0.475834769667
5.27749822328
1
4.95708649341
-0.911519295473
-1.0867767139
2
1.16961293807
2.68180635226
-2.97262016677
3
-4.00043961903
1.61672604802
4.59099342352
10
-6.35197061425
-0.33387283654
0.307504240412
11
-0.80642818962
-4.32804197048
-4.38929484696
12
-2.54259382577
-0.200563911693
-4.67720063913
13
-0.784921094164
3.34992058394
-3.94657280289
14
-1.96556624477
-0.474270780448
5.91796931645
15
-1.19095822761
-4.16387249537
-0.512854455648
16
2.42770508387
-1.21337562608
2.19810478435
17
-1.12948354444
5.83505322271
-0.842249754317
0
0.437486791737
-0.573573514095
6.26747340356
1
5.98164173215
-1.53983696249
0.866224709575
2
1.75191251356
3.20802461408
-3.59231488622
3
1.68114804
2.13030671351
3.53992591637
10
-5.39928636887
-1.65866945766
-2.96388157203
11
2.99677875369
-5.10107663805
0.290312552827
12
-2.89110321589
-1.53966142606
-5.20481030425
13
-2.30574109163
5.55679406652
-0.151659375444
14
-3.33433385127
-1.58564988207
4.99239007204
15
1.07834059739
-6.15537036099
1.34487868315
16
3.81025643282
-4.04569785419
2.96984485235
17
0.337220247063
5.7472928943
-1.82779945931
0
-3.41410601122
-3.84414677338
1.11521014762
1
5.93257055562
0.495981418165
1.63062168025
2
-0.0917184024333
0.0972063991433
-5.97101644042
3
-0.00215325260613
1.24703933902
6.27405880302
10
-5.97803312427
0.171374737881
1.80232734431
11
2.80949985492
-5.10553471761
1.27260921861
12
-3.1640524888
0.725135743205
-4.07088972173
13
-4.96105765965
2.90140274945
2.59832552945
14
-3.37249440806
-2.17261495585
3.1884282458
15
2.01795386682
-5.83745089077
1.47158351476
16
3.61120563961
-3.01200907378
4.32640470812
17
1.21505760282
6.05395109278
1.15826105398
0
1.2952800421
-0.0948624368115
6.08031987268
1
5.96614131143
1.46651182617
1.39199282306
10
-6.26294958137
-0.544372402632
-0.666028084876
11
3.30106650066
-4.72572838345
-2.29176395471
12
-3.37725719288
1.44068515687
-4.7361211031
13
-4.48507900368
3.1655046138
-0.060892386786
14
-0.519143500392
-1.1011119509
4.91471216133
15
0.88022913528
-6.09461667363
-1.69507697602
0
2.12974094756
-0.577177185386
5.81377254
1
5.96882750969
0.867409230064
0.59132506195
10
-5.80041816593
-1.72960792584
-1.18380710245
11
2.84016403765
-5.23091356543
2.26424415769
14
-2.75427076661
0.622009126336
5.14353535703
15
-0.646026591312
-4.31585887771
-2.71231859273
0
1.78709908563
-0.573156902642
4.87431504135
1
5.6434795031
0.551397311149
2.58631799297
10
-5.88175408194
-1.96296666821
0.833959719026
11
2.65935028166
-4.89385988591
3.18820368211
14
1.17346827804
-1.2350856332
5.53792358
15
-3.33523311824
-4.60883426296
-2.86972777559
0
1.71406878844
-0.6631359496
3.88105256506
1
4.90126142376
1.17352338304
2.33717652038
10
-5.58653582299
-2.75626777424
0.255060933573
11
2.7572716539
-4.19319884449
2.481460794
14
-1.78123648999
0.851799907014
5.12352301986
15
-0.105792830342
-4.8117895464
0.132809635854
0
1.29837161295
0.280851740282
5.05268178507
1
4.8958021212
1.22485091997
3.33584347186
10
-5.80640415623
1.13251100648
1.58608541844
11
1.24088128445
-3.69562261028
-3.65675904433
14
-1.43257652796
1.04968307472
6.0396444544
15
1.37329973863
-4.05276685558
-0.376843506856
0
2.70121688403
-0.355310023374
4.53236272329
1
5.35030471501
2.06354350608
2.41607077346
10
-6.05556594669
-0.193157428092
-1.57906700504
11
-0.0659074322045
-3.00227567834
-5.22362077652
14
-4.42699277154
0.123862284593
4.4250628375
15
-1.0652839585
-3.08074077284
-2.93135846057
0
2.04051736171
0.938676113339
5.18108264879
1
4.88360334365
0.225519023947
3.30139131062
10
-5.99479574451
0.680755046355
-2.06133660757
11
4.23828207793
-4.64466309873
-0.490042291027
0
1.58902250733
-0.526622210548
2.89833824919
1
4.33314161188
1.92868142904
2.01010434958
10
-6.23628602685
0.567560946907
-0.10966983632
11
1.54458249512
-5.71001621082
-2.47063269925
10
-6.05099354153
-1.92798868049
-0.236253907468
11
-0.813203720277
-5.12239458833
-3.76958090923
