0.5
10
1
1
1
1
1
1
1
1
1
1
1
1
1
1
1
1
1
1
1
1
1
1
1
1
1
1
1
1
1
1
1
1
1
1
1
1
1
1
1
1
1
1
1
1
1
1
1
1
1
1
1
1
1
1
1
1
1
1
1
1
1
1
1
1
1
1
1
1
1
1
1
1
1
1
1
1
1
1
1
1
7.23755
-0.64705
0.82855
-1.45185
3.666
562
0
0.95796
2.54722
-5.0809
1
2.52908
-3.15961
-3.8761
2
4.8917
-2.62396
0.81448
3
2.84383
3.33476
0.7025
4
2.5619
3.84819
-2.82488
5
2.30236
-1.57331
2.75633
6
0.23032
-3.97745
-1.99002
7
-4.475
-0.96042
-0.08119
8
2.62846
4.978
-0.81721
9
5.17422
0.02073
2.72908
10
0.95796
2.54722
-5.0809
11
2.52908
-3.15961
-3.8761
12
4.8917
-2.62396
0.81448
13
2.84383
3.33476
0.7025
14
2.5619
3.84819
-2.82488
15
2.30236
-1.57331
2.75633
16
0.23032
-3.97745
-1.99002
17
-4.475
-0.96042
-0.08119
18
2.62846
4.978
-0.81721
19
5.17422
0.02073
2.72908
0
1.1911297437
1.58040417273
-5.18529840404
1
3.33727532201
-3.08072349075
-4.45970709397
2
4.30703219681
-3.10129131853
0.158493435914
3
2.06615661612
3.71308199664
1.20459219757
4
2.62323400415
3.48008381686
-1.89712142264
5
2.66690511035
-2.21002536315
3.43581540002
6
0.352658454358
-4.06378084244
-2.97874659933
7
-4.52149453661
-0.964883629981
0.917718571428
8
1.86130938914
5.56444525228
-0.557283267377
9
5.29482585171
0.00486139085922
1.73650636758
10
0.461929631716
2.43857181601
-5.94238096082
11
2.18794506355
-2.35421819323
-4.3608380661
12
4.00347687483
-2.69071978724
1.26901581897
13
2.90437701895
2.3747185718
0.429270216431
14
2.52031350993
3.51023083145
-3.76512154569
15
2.43057561308
-1.68065358233
1.77041006821
16
0.11979883949
-4.34902489994
-1.06821895486
17
-5.27619307236
-1.3500821334
-0.535340946923
18
2.54348006823
4.81000553555
0.164908257192
19
4.63331194089
0.859970819265
2.78469761297
0
1.44940169431
0.977073026209
-5.93980958829
1
2.9730829315
-2.38361711479
-5.07728834635
2
5.28917840799
-3.28480808448
0.11713625428
3
2.91222803199
3.84735573778
1.72047369723
4
3.317754591
3.90074531098
-1.31343909311
5
1.73049990043
-2.4890833697
3.64858737142
6
0.181860473504
-3.38199445096
-3.69008011192
7
-4.51004954239
-0.355086584238
1.71019353956
8
2.45384342313
5.84733213299
0.196957033379
9
5.64481725333
-0.0887472135386
0.804442288252
10
0.0812228540928
3.24295249725
-5.48627344156
11
2.18172000336
-2.31627493226
-3.36157756074
12
3.99048347257
-2.4813621094
2.24676861709
13
2.54821275152
1.91964806867
1.24539389076
14
2.4622655023
3.49544521747
-4.76332584062
15
2.4310995643
-1.68077281427
0.770410212583
16
0.208242482346
-4.41536475549
-0.0743493730744
17
-5.78658982883
-1.11322236415
-1.36201657902
18
2.23570065316
4.05962141994
-0.420066537739
19
4.76665304155
1.25113909515
1.87408928289
0
2.24630100333
1.49261785615
-5.62490480964
1
2.12376035609
-1.99906157204
-5.43890720294
2
5.35257425674
-3.83252119079
0.951397196394
3
3.34456045957
4.64170348032
2.14720585677
4
4.07817822661
3.83014909917
-0.667860229388
5
1.69633716715
-3.11511385191
2.86953747379
6
-0.0323421674128
-3.74902028219
-4.5952923897
7
-4.86607061027
0.396184369246
2.26592814679
8
1.76824624356
5.93901104474
0.919142248208
9
6.60534657804
-0.363592507075
0.761506510704
10
-0.423556614706
3.92995488854
-4.96356376857
11
1.40019397226
-2.88787053562
-3.11158650301
12
3.73311860895
-3.05864026678
3.02169652083
13
2.60891690231
2.52603012264
2.0382468473
14
2.37415502766
2.5793576254
-4.37214804484
15
1.56996964227
-1.63409470698
1.2766477178
16
-0.588597700944
-4.45899543784
0.528263343229
17
-4.98629598015
-0.585996417967
-1.64760817104
18
1.76701858713
4.4609477531
-1.20700636726
19
4.53763659801
1.47228787106
0.926120566371
0
3.21019765864
1.23071988187
-5.67299523434
1
1.75059146718
-1.12989948466
-5.11440412714
2
5.47095905891
-3.33905840557
1.81306970856
3
3.11273076246
5.56445213681
1.83932615869
4
4.59714840233
3.22606353679
-0.0630870570106
5
0.875964046664
-3.64830361022
3.07616909002
6
-0.959641472672
-3.63817353585
-4.95282420267
7
-5.47829911918
-0.300777538506
2.63931849485
8
1.41044059469
6.00303554631
1.85074086394
9
6.26050892783
-0.482583279569
-0.169583276082
10
-0.367761740271
4.19462590513
-4.00084045164
11
2.23201672435
-3.10160170431
-2.59934642585
12
3.23844154885
-3.21713711662
3.87619833756
13
2.59221724657
2.56222261196
3.03745214413
14
3.2702008953
2.31525852148
-4.01528187046
15
1.33284380949
-1.46684329085
2.23362123009
16
-1.52814491839
-4.7375888708
0.32917360139
17
-4.33543164063
-1.19082465386
-2.10647461852
18
1.59927841131
4.5789984991
-2.18574394945
19
4.02508059081
0.808318502449
0.381665777585
0
2.88718743983
1.60458350002
-4.80357566154
1
0.9516719741
-0.831505147931
-5.63659993657
2
4.80278694171
-3.22252284219
2.54789314604
3
2.37064988279
4.94601151272
1.58077797652
4
5.47307317187
3.54572162827
0.298263884122
5
0.0289864531575
-3.78266906602
3.59053751867
6
-1.06310643278
-3.38109842578
-3.9919873852
7
-5.34993941726
-0.351916987818
3.62972676604
8
1.49228306127
4.97905417058
0.8709019976
9
6.22999319083
0.0319024957043
-1.02653903739
10
-0.321716475606
5.17848960695
-3.82794727697
11
2.14750920735
-3.34064071304
-1.63202081786
12
2.82372276755
-2.65824291968
4.59428301855
13
2.54552504725
2.99654852644
3.93699693931
14
3.43062885632
2.67700872434
-3.09691393763
15
0.469468413415
-1.04309640191
2.50752175871
16
-2.29505770168
-4.62164003665
0.960363470361
17
-5.07307449196
-1.20475300587
-2.7815220427
18
2.53493857734
4.67575940747
-1.81045880266
19
5.23427374954
2.10523166458
2.10181006876
0
3.51859030316
0.992439138858
-4.32754025815
1
0.241195490505
-1.33525354976
-5.14521341466
2
5.36488119816
-2.45369140709
2.85276733527
3
2.21554233589
4.90999339043
2.56801874946
4
4.71320877861
3.84281887639
0.87648471478
5
-0.150926686538
-3.01123535219
4.20088273847
6
-0.756415639205
-4.12370530431
-1.91957736884
7
-4.24107270418
-0.501977843774
2.66207295334
8
0.951557188759
5.02876327396
0.0311731509825
9
5.46248098007
0.559992062971
0.0655980322919
10
-0.369711991439
5.05713390604
-2.83649923279
11
2.13431496361
-3.39006275834
-0.633329988142
12
2.50442495549
-2.47421800566
5.52389785181
13
2.58974544035
3.93478929211
3.59385145636
14
3.32346133396
2.10776940541
-2.28175645596
15
1.24433082216
-0.664773190481
3.01394035552
16
-1.90691250783
-5.65831778295
0.422946643939
17
-6.25466867187
-1.17974354214
-0.480837182092
18
1.77818578277
4.64683244589
-3.16726863487
19
5.022419924
2.23333877473
0.495090812339
0
3.25003911416
0.0399257274091
-4.47106189379
1
0.0437734093001
-1.20148640682
-6.11636266855
2
5.15212361312
-1.56992296517
3.2695257198
3
1.41571686387
4.75136340283
1.98912692768
4
4.68625169649
3.78696875225
1.87455990201
5
-0.638678740492
-3.03192355487
5.07361977339
6
-0.125908155525
-3.52315410368
-5.56494690305
7
-5.00130838886
1.3526394276
2.00726917325
8
1.15375123477
6.00707809611
-0.0137454033059
9
5.65788849317
0.89000631023
2.62698452904
10
-0.630493563003
5.10544077134
-1.87231075604
11
3.0023619814
-3.13642465694
-0.206525479723
12
2.48524485874
-1.47816252897
5.43726292098
13
3.50139143528
3.60970635541
3.34241028191
14
3.83856203701
2.96297796983
-2.22440162133
15
0.929090664105
-1.06727299126
3.87336897567
16
0.330040327108
-3.43091593722
-0.200942458222
17
-5.21909222741
-1.87161834646
-1.68261290838
18
2.88352258604
5.94014828458
-0.721221689875
19
3.90432477964
0.783043400063
2.06716022566
0
3.04229232894
0.49616160046
-3.60579309083
1
-0.402976404789
-2.09543583002
-6.0807391878
2
3.80496193374
-3.96481430171
0.111022303067
3
3.56930148533
3.17615056687
1.37222693816
4
3.95074969432
4.78286567163
-0.943710010469
5
-0.95270305339
-3.61448616792
3.50109353888
6
-1.22742411743
-4.37376188758
-4.33056844178
7
-4.82247890372
-1.18877187845
3.48323683917
8
1.37986643656
5.78377110589
2.82592716717
9
5.10164336152
1.05930968121
-0.722106308918
10
-0.260932231596
5.66735606697
-1.13225966127
11
2.2631927818
-3.20474001135
0.463520717715
12
3.09046225155
-2.63280102574
1.83807795617
13
2.22179469403
4.26620982445
4.46262799784
14
4.55300553145
2.85699262331
-2.91602116962
15
0.350796330959
-0.644111244835
4.5708715209
16
-3.19378798518
-4.81802286386
0.568295029032
17
-6.10436574615
-0.879220748578
-2.28085373014
18
1.42186158363
5.09820960585
-3.98537114958
19
4.26997966886
2.34516208172
1.98969262633
0
1.67738981864
0.506212674287
-5.08757021807
1
1.91271655087
-1.21980867878
-4.13173846984
2
3.43244446049
-4.85645631878
0.368326103138
3
3.22257416025
4.61035507821
3.13924245915
4
4.834490753
4.22669469941
-0.0389004692732
5
0.360194632838
-2.99933874298
5.10811925289
6
-1.57792165601
-3.04993826022
-3.20122937502
7
-4.86400638006
1.38992880759
2.99709625942
10
0.563895222634
4.08703052831
-4.97987671818
11
1.33464508731
-2.91405843493
-2.11408084507
12
2.01696541585
-1.12970251689
4.62529618314
13
2.51854968303
3.05127332972
4.93513396679
14
3.439757167
4.02100084567
-2.37822218247
15
0.0659666428946
-1.45412928549
3.54877826165
16
1.22186078908
-2.99927029188
-0.0655234770461
17
-6.10976364276
-1.28352819561
0.503150255959
18
0.676850579208
5.45795556535
-3.42364038853
19
4.60254278252
-0.45647391051
3.39650908748
0
3.30163975546
-0.343684626558
-3.12893123733
1
1.24444903589
-1.69497874076
-6.04732484034
2
5.24593138154
-3.21557346754
-0.879526307734
3
1.73217296789
4.60456292825
3.38842492134
4
3.86114336461
4.91068751354
-1.93145101013
5
1.76347187729
-2.68891610095
1.96740200294
6
-1.52566653656
-3.57384161319
-2.24500474647
7
-5.35911715468
-1.3168983877
2.64920867104
10
-1.28853771923
4.92475931065
-3.85757192245
11
3.04731304216
-2.84985651589
-2.07789050799
12
1.51695854676
-0.847853857873
5.44417008325
13
3.43502323384
1.46291017251
1.17498321927
14
3.70531938556
2.55304859239
-1.32206892141
15
0.51585034844
-0.22508558319
5.46371790534
16
-0.794244346345
-4.27950341144
1.49028832715
17
-5.31109424066
-2.0731995381
-3.21643263107
18
0.814948901227
5.49975159378
-2.43410416107
19
3.5079698343
0.538511996006
2.95209364108
0
2.33623360594
-0.108367533271
-5.52140893511
1
2.85077960164
-1.38633645659
-4.4355578438
2
3.89283148559
-5.09187889897
1.22425834103
3
0.508870354862
4.37853608207
2.18567004764
4
5.47417161922
3.08873553431
1.18773704467
5
1.75779363273
-2.51275285141
4.64793456225
6
-1.01937281455
-5.02666358246
-3.60225941932
7
-5.31685658784
-1.1618723055
1.66220261315
10
-0.456483804561
6.4429499727
-1.73243769794
11
2.88229463735
-1.88164198981
-1.88992892268
12
3.086876636
-2.64116181457
0.838119336736
13
3.29151831192
1.84319045696
2.2986029622
14
4.86435815324
2.91719160984
-1.96763536894
15
0.491957584748
0.111592221348
3.93135156685
16
-2.31639978401
-3.73527927565
1.42286656968
17
-4.56089190368
-0.517880454187
-3.29715281566
18
1.50662172129
5.61182762668
-1.72064240818
19
4.68469309119
-0.950976587843
2.53122391547
0
4.22507351327
1.36876087197
-4.92692613306
1
1.94709777845
-3.82877773348
-3.41402723705
2
4.41054929145
-3.82983824661
-0.673226010113
3
3.40778794771
3.16939160159
-0.106576464877
4
4.16515792876
4.71615453168
0.520047330606
5
-1.14608888112
-2.26159756733
4.68744258335
6
-1.36876154682
-5.07028572391
-2.66629754908
7
-4.81188190359
1.34222803546
3.99459697385
10
0.299120054997
6.28414273891
-0.579163252313
11
1.20272971221
-2.49956356241
-4.45153225081
12
1.67297732832
-3.02840521564
5.56353848233
13
2.39107393643
0.958616581255
1.47282711829
14
4.59980461835
2.69455814804
-3.90163006097
15
1.89038701806
-0.0499406635576
2.56162149059
16
-1.18956116795
-3.44799851339
1.10000097778
17
-6.26805358564
-1.89064450604
1.28183766409
18
2.78445579228
5.7828678755
-1.70379415198
19
3.79205065534
1.25686452863
-0.481180391538
0
3.85640397691
-0.570630825794
-4.98051488335
1
1.98339674934
-4.62244902406
-2.80676430616
2
3.5199973566
-4.78794334193
2.10096689547
3
0.442077920522
3.47545656748
2.60991780666
4
6.05520100773
2.62774769031
0.516994875604
5
-0.379291793394
-2.79439421553
6.00972779314
6
-2.38711281472
-3.06601959295
-2.23979844319
7
-3.61166811654
0.27498940077
2.67517890491
10
-0.0657292707916
6.00166452776
-2.71217542092
11
2.82332867652
-4.01709088417
-4.29817137981
12
4.8671652658
-2.24530319932
-0.110731907683
13
2.34301668342
1.37135328921
2.38240884102
14
4.67761882124
2.0214302539
-1.56422488929
15
1.24643630907
0.142271128424
4.58695865895
16
-1.19824593364
-3.4579748521
0.100088457855
17
-4.23335648803
-0.347149590849
-4.22643830666
18
3.20206281921
4.85624133816
0.915994810572
19
4.23008452922
-0.872753572564
4.22595835808
0
1.9687787427
2.44327543111
-5.48622687332
1
0.431177868941
-0.21266618741
-6.22492317038
2
4.23994309436
-4.33990651329
2.63100570051
3
3.64313679408
3.16119934672
2.36938530482
4
4.20978007961
4.66310662492
1.51764182901
5
-1.15324316905
-2.25726761247
3.68747755014
6
-1.7113138756
-2.85250501646
-4.54008967372
7
-6.10835343452
-0.618853567309
1.38173266528
10
-1.19892650462
6.00041844977
-1.22836477529
11
3.32644241682
-2.75027441311
-3.43263911835
12
4.49824490891
-2.67058841282
3.53550339481
13
2.28716820949
2.1257480429
4.35527706345
14
3.54210268033
3.96496656346
-3.37139163182
15
1.66148120052
0.910848764456
4.10010533866
16
-4.15197181245
-4.54980997291
0.468567408553
17
-4.6438392436
-2.64385018688
-1.95232013718
18
1.99307543842
4.38675221597
-4.39469145751
19
3.69409400676
-0.996109755199
2.40208658106
0
3.6544580559
2.16635001699
-5.12250106898
1
2.94286997119
-1.14214880252
-5.40090325008
2
2.6779787211
-4.83799280688
2.63808854699
3
1.90731201009
3.96900684061
2.42823899661
4
5.914202263
2.65699552722
-0.472582770678
5
-1.2561430646
-3.61218220875
4.45394129763
6
-2.13836054151
-3.69770771239
-4.21874321284
7
-5.82236561415
0.945233892396
2.40712635109
10
0.736018408861
4.07942071684
-3.99483067888
11
0.829922611748
-2.9474071715
-5.26421359528
12
2.7625277797
-0.468303675081
4.54351394989
13
2.30787488446
2.173041181
5.36446416862
14
3.49724612515
3.25190027489
-4.28202648497
15
0.578440852969
-1.05846546405
6.01286306185
16
1.3065851602
-2.78245131929
0.907004833115
17
-5.36726274209
-2.47265244158
-0.897244513871
18
2.53357681038
5.27468655808
-2.61126115896
19
3.79193450016
-0.344623114134
1.64976192084
0
4.34734509482
-0.985037444692
-4.21419642934
1
2.05143698795
-4.66784457747
-1.81011503502
2
4.25261114339
-3.85338638009
0.998261844219
3
1.15633227755
3.48567824505
1.91010623861
4
4.96059516758
3.75958001653
-1.13300574088
5
2.7684067695
-0.867552118674
3.28990869297
6
-1.49504388451
-5.94514123474
-2.19866456655
7
-5.70367702099
0.764251740455
3.38342470637
10
0.141799600078
5.83110118006
0.298335249354
11
3.12496189791
-3.83908586671
-1.95381010388
12
4.51100346644
-1.96780256482
-1.00299990023
13
2.99708121312
1.52019410882
3.1980362026
14
4.14653954777
1.18530353234
-1.70150894075
15
0.834458568771
1.18152584771
4.59281974192
16
-4.24166336821
-4.60480650384
1.46301741052
17
-6.03118503198
-0.242040951038
-0.21481291001
18
0.509914235446
4.93952175493
-1.66397665193
19
4.48700693615
1.2284798985
3.70273677559
0
4.72937180165
-0.345672497676
-3.54691233707
1
1.69498347682
-4.72805112892
-3.7714425965
2
5.11588733247
-2.07792607464
1.96012940767
3
-0.0872241772927
3.63733062866
1.77706963468
4
5.84360656825
2.86924725702
-1.44724448178
5
0.609143011793
-3.98144069384
4.38041612165
6
-2.20722481761
-4.57568446273
-2.89509644763
7
-4.4023870186
0.36685607255
3.28042607141
10
-1.31307314941
5.89788362925
-0.240206309225
11
3.00835152027
-1.80251231203
-0.90106687145
12
4.50380393089
-2.46995645736
-1.86774820748
13
3.33678836857
2.67406641541
4.50131326964
14
4.64440261555
2.06432675281
-0.565697686823
15
0.677181067507
-0.0888645505293
6.44117185788
16
-3.27634453521
-4.814896386
1.56487650648
17
-5.45340416295
0.208542665281
-2.03557413701
18
2.65858752365
4.68871830414
-3.639643856
19
4.55508616468
1.00350973877
4.67472116121
0
0.702250531786
1.30784217851
-6.51631362836
1
1.47257048958
-3.9118025396
-4.30461302285
2
2.9073114144
-4.43373803417
3.52351759244
3
-0.956139030431
3.2836481056
2.12332914845
4
4.46808183024
4.07413972902
2.80726282339
5
-0.957289290106
-2.37845185447
2.71438122561
6
0.768160372674
-4.86840856775
-2.55456222959
7
-5.00653002183
-2.14340684541
2.21038514948
10
-0.589672697139
5.16939901454
0.133718960528
11
4.19794625186
-2.8626994319
-2.95531147338
12
1.43374820944
-3.86530579989
5.07123081355
13
1.5983706482
2.39650535286
3.6827829009
14
4.64287983678
1.86345854422
-2.9853943844
15
-0.0524746448809
-1.93061182557
2.67760890363
16
-2.7222345286
-3.44808368481
2.29051675996
17
-4.53682554813
-2.64300390381
-3.4918068793
18
0.797485586766
4.51210923593
-3.02557607242
19
4.07319130403
0.144772846179
4.84892877461
0
1.82471098176
-0.629193768547
-6.20484484111
1
-1.09962934144
-2.73393530201
-5.75364117477
2
2.25464313552
-4.62664887553
4.25619045602
3
0.774368658863
4.81583600973
3.04490192778
4
5.91422182164
1.8308020353
-1.03596923975
5
-1.45282499682
-3.18466198411
5.63383120272
6
-2.76543378735
-3.38854445926
-3.5037626346
7
-4.87891851662
-0.190043620153
4.49686938638
10
-0.77147909187
2.72055530418
-5.48552242201
11
3.39935176446
-4.20876589607
-2.84153014816
12
4.25937975738
-3.43933644321
-1.84409939275
13
3.69937422299
1.93556866425
3.93284816983
14
4.7910420959
0.875802558135
-2.93456527726
15
3.41366139526
-1.49513641571
0.759856735289
16
-1.25489210171
-5.65941490846
-0.335253980112
17
-5.17430357325
0.18859798469
-3.65016037795
18
0.79265988961
6.35113845991
-1.91003965727
19
3.48751746236
0.784826059766
3.9210678835
0
4.68246160991
-0.378252658916
-2.54854468585
1
-0.147496165146
0.405846342596
-5.69334193247
2
3.69319759745
-2.3234544769
0.0236715814929
3
0.66560287171
4.82021430856
4.0389596897
4
5.67545944998
1.54478074462
-1.96396942895
5
1.38202101119
-4.42874991356
2.70900439094
6
-0.33228620847
-2.70048158308
-4.21084243806
7
-2.74111054458
-0.170935186168
2.88321922951
10
0.155667666656
5.49931329072
1.24158732235
11
3.54779314664
-1.0530401448
-0.517277603377
12
5.27905381246
-1.46592741606
-1.4007686786
13
3.07882938749
1.76018513026
4.87951155689
14
4.64262610985
0.800406697196
-3.92061201005
15
2.33299634023
-0.554970511277
1.82064791424
16
-0.956747684292
-6.2543554962
-1.08168254564
17
-3.73067386181
-2.09555921992
-3.71635927124
18
1.69480420921
5.73183537764
-2.90702369938
19
4.39659717124
0.0114075586942
0.937283700682
0
5.12421843421
-0.342574202118
-1.65211958808
1
1.96492940811
-4.46005817362
-0.835773591274
2
3.43980649649
-4.25294709731
-0.774212693277
3
0.363576426838
3.55264934065
3.60383872467
4
6.02789880564
1.75864352757
-0.0450753538685
5
-1.13764061308
-1.66611563513
5.49076686109
10
-1.86999391957
4.98085841058
-3.04593063588
11
4.17048382518
-0.272239404847
-0.466223481598
12
2.77843587558
-3.55686468404
1.61729322815
13
1.59277102099
0.934940336869
2.87907289352
14
3.90270660541
1.20076779767
-3.25899963029
15
-0.733404842896
-1.07163739025
4.01214116239
16
-1.65545963115
-4.35339611026
-0.585258947609
17
-4.80692523214
-0.0778720833612
0.251878784348
0
4.32034172519
-1.93372209615
-4.52926507284
1
2.88558275716
-1.32931883
-3.43779147303
2
3.53829320705
-4.82301759163
-1.58988419538
3
0.248476382454
3.28429348998
4.56025762724
4
5.80224569831
1.16804606203
-2.88157295235
5
-1.72799523148
-4.2457036573
3.47903634743
10
-1.3254388176
4.85198863057
0.73196545164
11
5.00387879601
-2.40620554324
-3.33225452465
12
5.5715881209
-1.39544221757
-2.35442244973
13
4.28905757328
2.73515236267
4.20222821684
14
3.88667140197
0.274822968839
-2.02321329305
15
1.02653819133
1.13441433904
5.57306763115
16
-0.747826805362
-3.48703242292
2.09842905449
17
-5.24949553596
0.317668232553
-0.552906519108
0
4.12795257726
0.38095394894
-5.12455575997
1
-1.01819309268
-1.35503362854
-5.80997544024
2
5.26424070169
-3.33117094238
-1.87265368758
3
-0.585341847528
3.7868587259
4.33183840082
4
5.8779794826
0.176136761999
-2.77968902609
5
3.47171878061
-1.56603421533
3.42210164165
10
-1.62428249767
5.43402105545
-2.18903535964
11
2.13995728457
-4.16213007091
0.202336326759
12
5.97420402919
-1.94199798246
-0.862138014812
13
4.87241296779
2.63955414924
3.39565679081
14
4.35294042816
4.27766863638
-2.69479441238
15
1.09897850238
-1.87608837547
3.11556537733
16
-2.94928749095
-2.8227393279
3.03710325031
17
-4.35639096003
0.568325323321
-4.60954168726
0
4.1908751946
-0.800059254048
-1.78669037393
1
1.94727327445
-5.45655629602
-0.754043835352
2
3.99253333052
-5.12050664374
-0.416898631291
3
-0.433365034216
4.76904116842
4.22129113572
4
6.13410347419
1.53624112465
0.924077750421
5
0.396075936502
-4.52337406541
2.57131423301
10
-1.98950640805
5.23475024412
0.0802498658251
11
1.44830553056
-4.84948185264
0.424069002111
12
5.77705788648
-1.69699633359
0.0871288551801
13
1.55624756303
3.28896144984
5.0673420883
14
1.46584031986
3.43439774989
-4.82172158112
15
0.58172799158
2.11403705417
4.33484667129
16
-1.92264939764
-4.23167362264
2.19652882513
17
-4.07889768673
-0.395210827712
-5.21326787463
0
4.13078098949
-1.25289443369
-3.2753926044
1
2.06162889565
-5.61099919516
-2.93579256085
2
5.85071102972
-1.4193925571
1.79774794245
3
-0.116315068233
4.21225715974
2.99112924058
4
6.33723514163
0.94933917038
1.70784022832
5
0.476199589585
-4.43569910925
1.57839263375
10
-2.08559844169
4.79977835624
-1.56861308546
11
0.836748371114
-3.94623355796
-5.31216418149
12
1.74616993613
-0.459831987552
6.33686329322
13
1.14143364858
2.40570137907
2.79333137806
14
5.50446166141
2.60358662146
-2.74133106977
15
-0.207528684097
-1.94766659749
4.37438181529
16
-3.86286429973
-3.63071116857
0.736287848483
17
-6.33469499433
0.69135389836
-0.0233559752395
0
2.39773023639
0.633941244169
-6.18863891299
1
-1.60966889205
-0.585108781048
-5.57045068584
2
2.57612297285
-5.32132463015
0.593294907404
3
1.29926207025
3.55253457545
3.25100397078
10
-2.94221398311
4.45184083442
-1.18762844652
11
3.35558227428
-0.0867979168919
0.0829093956684
12
1.5833694122
-1.90489833996
5.50447323675
13
0.160349412343
2.25661206924
2.91680647311
14
5.26533344331
1.65316077481
-3.73926861522
15
-0.216165742055
-0.46320359036
6.13229363112
16
-2.89037873854
-5.83934197907
0.427887643449
17
-3.64896005863
-2.14195482611
-2.7207839089
0
3.4322901138
-0.060808906466
-5.72898601952
1
-0.571934708245
-0.197266031018
-6.36869916233
2
3.04901378902
-5.59870608899
-0.243026682822
3
-0.530893842723
2.67379360347
4.41928975616
10
-2.69466713797
4.46576937918
-2.81226982917
11
4.05028740211
-3.55725396351
-3.65943565753
12
2.35061507986
-4.44307234234
1.43951428363
13
0.952545114965
2.98473514986
5.80422044503
14
3.90370741484
2.12312966379
0.103565219146
15
0.391827096855
1.51696356209
6.24448249433
16
-4.09967736672
-4.84160520991
-0.486482763224
17
-6.10538275163
0.225447467138
-1.27752522858
0
2.21175966263
-0.130891996819
-4.52944175522
1
1.80162887416
-3.32810398104
-5.04691792805
2
4.86162931268
-4.18740046786
1.86272960948
3
-0.31194946458
4.4137653768
1.18830174566
10
-3.03221042105
4.4164802722
-0.192314289178
11
1.26527116416
-5.83049336638
0.488215947764
12
2.2178250762
-3.42112730078
4.36868291063
13
0.669731857677
0.71218541027
2.56541871188
14
3.60403811161
0.408358924616
-1.07332563038
15
-0.398489851187
2.12963958726
6.24969879746
16
-2.12975775605
-3.17002588725
0.322284583735
17
-4.4656085676
-1.47023191025
-1.16189100253
0
1.33632822347
1.99335975714
-6.15852719723
1
-1.97796366462
0.302114144976
-5.84828956008
2
2.51020401305
-5.7862461548
1.47618938958
3
-0.513647622018
3.79301150729
5.32924608142
10
0.15894573
5.5038905023
2.24157147394
11
3.29580411261
-3.22670931461
-1.1582294233
12
3.0655276279
-1.68804557817
4.57854999448
13
4.10460090723
1.9595536162
3.01894661252
14
5.03126209464
0.737887462482
-1.97369391303
15
2.0464725351
-0.103706185635
3.54790064986
16
-2.03105616159
-5.16468916513
1.75748380688
17
-6.54558259788
-0.0892030618318
0.629009182508
0
5.30747764974
-1.15870365528
-3.61600622371
1
2.42889440483
-5.62289836554
-1.6144922084
10
-3.23671042987
5.06595215148
0.540055852498
11
4.40756339479
-1.2028504982
-0.0290645572613
12
2.68387065501
-0.466958298348
5.54041477079
13
2.5993591582
1.16612099383
5.52541874916
14
3.07279462727
1.74744008407
-3.21614922348
15
0.399449066755
-1.72422270072
5.13704218201
0
5.27882460201
-0.392418233849
-0.665401540523
1
1.10623693765
-4.76799919922
-1.24543145576
10
-4.1292953242
5.12265620352
0.0927563366253
11
1.31251419438
-5.05052989517
1.39419291049
14
3.49441426589
4.85526021949
-2.91850862136
15
-0.569008827049
0.466347834698
6.02535483767
0
3.46826020723
-1.21822449356
-2.52715186217
1
-2.53183655924
-0.516500891634
-6.0002574463
10
-3.17685840253
5.409723506
-0.397088208269
11
1.02876509564
-6.08888408084
-0.448426523104
14
4.23282457584
3.81866046653
-1.81451963594
15
1.32336880037
0.7621281693
6.45243933717
0
-0.13221789311
1.61552649626
-6.05915631576
1
0.727675065183
-4.55924526075
-4.14352692928
10
-3.68039220496
3.6552291664
-0.211212144553
11
1.78894879829
-5.44812770404
2.17836511771
14
5.57387411577
0.564372398874
-3.64300624375
15
0.0601461106169
1.36317447758
5.31371042725
0
1.35639329248
0.182720306947
-6.54010384496
1
-1.88718534647
-1.83204802809
-5.94154187011
10
-1.11431979544
6.35136680363
0.628614797124
11
3.04414837177
-5.08160131876
-2.50688275951
14
6.02074122852
0.615671867766
-1.89627045391
15
0.407001745742
-2.7064936574
2.24530249668
0
4.76717243961
-0.145128105408
-4.55814017816
1
-1.88604605179
-1.86745759642
-4.94216963492
10
-3.69291299
3.7391910843
-1.20760244272
11
1.03077029316
-6.12319611445
-1.44783568032
14
6.36117484655
-0.316360789157
-2.02044806118
15
-0.428506273662
-1.10768559193
4.99251861878
0
-1.07302828135
1.37887259925
-6.30178926162
1
-2.87979577746
0.718907729652
-5.7343512083
10
-3.01296294722
4.67750901788
1.433951258
11
4.5702176857
-1.12732259106
0.954723589086
0
-1.5727347558
1.88821017722
-5.60116905704
1
1.53516079788
-3.9157320916
-2.2197315681
10
-3.09433078228
5.52237274819
-1.38728987466
11
0.114575139433
-5.90944553148
-1.10887089074
10
-2.34412035673
4.50614636985
2.15733527219
11
0.171281817294
-5.84437133115
-2.10513877697
